(TRUCK,19921201,65711.0)
(1,RAIL,19950319,118989.0)
(TRUCK,19930805,62167.0)
(2,19961004,65230.0)
(1,REG AIR,19921003,63189.0)
(MAIL,19970104,121212.0)
(1,REG AIR,19970126,64029.0)
(RAIL,19951010,129200.0)
(RAIL,19940418,128179.0)
(19970620,428626.0)
(1,REG AIR,19920310,60486.0)
(1,RAIL,19930708,61747.0)
(2,19940728,125476.0)
(2,19950222,494757.0)
(RAIL,19960803,63429.0)
(2,MAIL,19940925,114906.0)
(AIR,19920128,61807.0)
(1,19921030,189566.0)
(2,REG AIR,19950305,55621.0)
(1,SHIP,19950908,65350.0)
(2,SHIP,19930929,60426.0)
(2,SHIP,19961114,54720.0)
(1,AIR,19970302,60126.0)
(TRUCK,19970225,61687.0)
(2,RAIL,19971209,59645.0)
(2,19930620,351744.0)
(2,FOB,19950609,61146.0)
(1,AIR,19970104,63429.0)
(1,19920419,183559.0)
(1,AIR,19920109,59765.0)
(1,AIR,19930126,54240.0)
(MAIL,19930829,61327.0)
(1,19960307,124635.0)
(19940308,64810.0)
(2,FOB,19980318,56402.0)
(1,MAIL,19940603,58564.0)
(19950910,420517.0)
(2,REG AIR,19961213,119410.0)
(1,MAIL,19931027,58384.0)
(2,19950123,179116.0)
(2,19920324,65471.0)
(2,AIR,19970730,63309.0)
(TRUCK,19930724,124875.0)
(REG AIR,19920322,126978.0)
(2,TRUCK,19961120,126677.0)
(2,TRUCK,19940925,61447.0)
(FOB,19970306,56762.0)
(1,FOB,19920409,115026.0)
(TRUCK,19950407,183979.0)
(2,TRUCK,19920413,58384.0)
(MAIL,19940620,56522.0)
(19930822,62227.0)
(REG AIR,19940906,54360.0)
(1,19970225,181637.0)
(1,FOB,19931218,58744.0)
(2,RAIL,19931221,61567.0)
(2,SHIP,19980528,63729.0)
(19940326,411751.0)
(AIR,19960331,62047.0)
(REG AIR,19970110,115326.0)
(FOB,19940327,65350.0)
(1,REG AIR,19960712,117849.0)
(1,RAIL,19940419,57663.0)
(FOB,19920824,60546.0)
(19920508,294441.0)
(19940614,124095.0)
(2,FOB,19980624,63489.0)
(19941217,705649.0)
(1,MAIL,19940108,62828.0)
(1,19931011,61987.0)
(MAIL,19940602,116647.0)
(FOB,19971026,62588.0)
(AIR,19960205,61207.0)
(2,19970121,364896.0)
(RAIL,19961028,54240.0)
(19980430,241463.0)
(2,TRUCK,19940718,58264.0)
(2,RAIL,19980227,55020.0)
(1,MAIL,19930514,61987.0)
(19970404,657595.0)
(2,19941222,125896.0)
(TRUCK,19930715,118149.0)
(FOB,19930102,119050.0)
(2,SHIP,19961204,54840.0)
(TRUCK,19940327,58143.0)
(1,AIR,19931125,58384.0)
(2,19930521,172929.0)
(1,REG AIR,19930120,61687.0)
(19930129,586360.0)
(1,AIR,19970924,120732.0)
(1,19921003,122774.0)
(1,19920707,382314.0)
(FOB,19930715,117489.0)
(RAIL,19941129,63369.0)
(1,SHIP,19930117,55140.0)
(AIR,19920416,60846.0)
(2,19930927,257799.0)
(MAIL,19960907,58624.0)
(2,REG AIR,19940630,181638.0)
(FOB,19930814,58204.0)
(2,SHIP,19950314,65831.0)
(1,19930805,59164.0)
(TRUCK,19970306,122473.0)
(SHIP,19970509,117788.0)
(FOB,19950515,60486.0)
(1,FOB,19960829,62408.0)
(1,19930526,235878.0)
(2,19970112,169986.0)
(1,19921111,241884.0)
(2,19970220,113164.0)
(1,FOB,19920805,60606.0)
(19960504,240321.0)
(1,19980729,54660.0)
(1,FOB,19930408,55981.0)
(SHIP,19970725,118149.0)
(RAIL,19970811,120971.0)
(2,19930413,118869.0)
(1,19970531,176893.0)
(2,MAIL,19920116,57483.0)
(19920319,432769.0)
(19970828,180075.0)
(2,MAIL,19950302,57303.0)
(2,19950826,239541.0)
(1,FOB,19961224,65651.0)
(2,RAIL,19970309,58384.0)
(RAIL,19920113,64930.0)
(1,RAIL,19961029,57123.0)
(1,SHIP,19920325,59945.0)
(1,19920310,239661.0)
(MAIL,19940909,118209.0)
(TRUCK,19930823,64390.0)
(SHIP,19970103,62287.0)
(2,MAIL,19940420,57603.0)
(1,SHIP,19971130,59405.0)
(1,FOB,19950208,119110.0)
(19940506,669009.0)
(1,SHIP,19950520,171667.0)
(1,FOB,19941019,57903.0)
(2,RAIL,19930303,120371.0)
(2,MAIL,19930412,60366.0)
(2,TRUCK,19970111,60726.0)
(1,SHIP,19960826,62888.0)
(AIR,19940603,63309.0)
(2,REG AIR,19941215,54780.0)
(19951108,304531.0)
(FOB,19971107,57663.0)
(1,19920130,119350.0)
(2,SHIP,19950305,64390.0)
(SHIP,19920801,64149.0)
(1,AIR,19930810,63969.0)
(2,19951203,54720.0)
(2,19920513,181337.0)
(TRUCK,19941001,124936.0)
(2,RAIL,19940627,64630.0)
(AIR,19931108,58083.0)
(MAIL,19961212,57843.0)
(1,SHIP,19941025,115506.0)
(TRUCK,19980206,62408.0)
(1,TRUCK,19950503,54240.0)
(TRUCK,19930111,112804.0)
(REG AIR,19930808,61387.0)
(TRUCK,19940804,57183.0)
(19961107,661440.0)
(FOB,19970126,61146.0)
(1,RAIL,19930618,54900.0)
(MAIL,19920802,115446.0)
(1,MAIL,19940414,61627.0)
(AIR,19961114,117069.0)
(SHIP,19970824,124215.0)
(2,AIR,19920609,55201.0)
(2,19930404,361472.0)
(2,19970725,181098.0)
(19970819,295401.0)
(AIR,19971230,188544.0)
(2,RAIL,19930925,61207.0)
(REG AIR,19951021,124035.0)
(1,SHIP,19970122,65891.0)
(2,AIR,19920429,63729.0)
(19950208,413432.0)
(1,19940327,119890.0)
(1,SHIP,19970113,64870.0)
(19951018,251854.0)
(2,19930305,64870.0)
(1,RAIL,19940329,63609.0)
(TRUCK,19950317,64690.0)
(1,19951028,175752.0)
(REG AIR,19980227,65110.0)
(1,19950704,189386.0)
(1,19920608,179955.0)
(1,19920914,241883.0)
(RAIL,19930626,117248.0)
(TRUCK,19920310,55441.0)
(1,RAIL,19971109,59585.0)
(1,SHIP,19970528,58924.0)
(19971106,473376.0)
(SHIP,19970518,59405.0)
(SHIP,19940430,56462.0)
(RAIL,19930617,117368.0)
(1,TRUCK,19931108,64630.0)
(AIR,19920317,65531.0)
(REG AIR,19920917,120491.0)
(1,RAIL,19960912,54900.0)
(1,AIR,19970609,60306.0)
(2,MAIL,19960914,58684.0)
(2,RAIL,19930628,127999.0)
(RAIL,19940319,117068.0)
(1,19940813,62888.0)
(TRUCK,19961009,121692.0)
(2,MAIL,19970111,63849.0)
(1,REG AIR,19950317,127879.0)
(1,SHIP,19971004,60246.0)
(19980511,181698.0)
(SHIP,19970112,64330.0)
(2,RAIL,19970516,56702.0)
(1,REG AIR,19951028,119350.0)
(TRUCK,19930904,176773.0)
(FOB,19940930,56882.0)
(2,19970103,175391.0)
(FOB,19950317,65471.0)
(2,MAIL,19970616,54540.0)
(2,FOB,19950302,189204.0)
(SHIP,19931124,55080.0)
(2,MAIL,19940510,58083.0)
(AIR,19940711,56462.0)
(2,MAIL,19970210,56161.0)
(1,FOB,19931010,54120.0)
(1,19960208,236118.0)
(TRUCK,19980323,56882.0)
(1,19921210,59585.0)
(2,MAIL,19920422,58204.0)
(1,MAIL,19980311,65531.0)
(1,AIR,19930117,65471.0)
(19941109,372705.0)
(2,19950501,181758.0)
(MAIL,19931125,124275.0)
(1,19970603,109620.0)
(1,REG AIR,19940804,58264.0)
(2,SHIP,19920515,170947.0)
(1,MAIL,19960106,57183.0)
(TRUCK,19920815,187283.0)
(1,19950227,55861.0)
(1,RAIL,19940617,54180.0)
(RAIL,19960317,248429.0)
(2,19920801,225848.0)
(2,FOB,19951031,61747.0)
(1,FOB,19920102,179535.0)
(TRUCK,19970531,62408.0)
(RAIL,19960920,61627.0)
(FOB,19940822,183199.0)
(TRUCK,19920914,179356.0)
(REG AIR,19950707,55321.0)
(1,REG AIR,19940705,62588.0)
(1,TRUCK,19960601,62047.0)
(19930417,298526.0)
(19920102,649430.0)
(19920823,178575.0)
(2,19941105,55201.0)
(1,REG AIR,19940327,54540.0)
(1,SHIP,19970519,61747.0)
(1,19921229,230171.0)
(1,FOB,19980421,62468.0)
(AIR,19930514,62528.0)
(RAIL,19950912,114605.0)
(2,FOB,19930926,117608.0)
(19950109,170527.0)
(FOB,19920310,116587.0)
(REG AIR,19930312,56041.0)
(1,MAIL,19940630,64870.0)
(MAIL,19950430,128058.0)
(MAIL,19940530,64810.0)
(SHIP,19950222,177973.0)
(1,19980305,305250.0)
(MAIL,19930126,127158.0)
(19960207,375408.0)
(AIR,19950413,64510.0)
(2,19940926,422379.0)
(1,19920905,115026.0)
(TRUCK,19980224,60786.0)
(MAIL,19930702,54060.0)
(2,RAIL,19960210,124214.0)
(2,MAIL,19920710,55801.0)
(19940902,354267.0)
(1,AIR,19980112,54660.0)
(2,AIR,19970217,115687.0)
(REG AIR,19931203,56462.0)
(SHIP,19951113,64450.0)
(SHIP,19970220,61327.0)
(1,19980521,247830.0)
(MAIL,19920730,59885.0)
(REG AIR,19930303,61207.0)
(2,AIR,19930310,59645.0)
(FOB,19931110,54480.0)
(19961116,435351.0)
(AIR,19951025,121212.0)
(FOB,19931011,61987.0)
(1,19970216,181097.0)
(2,TRUCK,19941113,58083.0)
(SHIP,19970806,64630.0)
(RAIL,19950822,117427.0)
(1,SHIP,19931125,55321.0)
(2,MAIL,19920107,64570.0)
(RAIL,19930608,118630.0)
(2,19970310,171608.0)
(1,FOB,19940209,58804.0)
(2,AIR,19930905,64990.0)
(2,TRUCK,19920828,62768.0)
(REG AIR,19921015,62107.0)
(19970323,252515.0)
(2,MAIL,19950825,64570.0)
(2,REG AIR,19940405,54960.0)
(1,RAIL,19921221,61327.0)
(2,RAIL,19920106,57783.0)
(2,REG AIR,19960827,54180.0)
(2,19980210,65050.0)
(1,SHIP,19971121,56762.0)
(1,AIR,19980130,57243.0)
(AIR,19920821,175391.0)
(AIR,19940117,117609.0)
(AIR,19920218,60486.0)
(2,19980102,126977.0)
(2,REG AIR,19970411,60006.0)
(MAIL,19930720,57423.0)
(2,FOB,19930421,54240.0)
(2,SHIP,19960430,62347.0)
(1,FOB,19970620,128238.0)
(2,RAIL,19920511,57903.0)
(AIR,19961213,58083.0)
(1,RAIL,19940806,123614.0)
(2,REG AIR,19950530,65771.0)
(2,MAIL,19970517,60966.0)
(1,RAIL,19931130,55981.0)
(RAIL,19940715,65711.0)
(1,REG AIR,19920923,62708.0)
(REG AIR,19970813,63189.0)
(2,MAIL,19980507,122533.0)
(19930408,182839.0)
(2,19950105,122894.0)
(19920409,610984.0)
(2,RAIL,19970228,65471.0)
(19940407,362735.0)
(RAIL,19950525,63009.0)
(2,SHIP,19980717,60426.0)
(1,SHIP,19951222,65531.0)
(REG AIR,19940609,120131.0)
(2,19970617,358949.0)
(2,AIR,19980216,65711.0)
(19960108,118208.0)
(TRUCK,19970928,54540.0)
(RAIL,19920528,60906.0)
(19930525,669668.0)
(19971115,241943.0)
(REG AIR,19980407,57903.0)
(1,RAIL,19970830,60306.0)
(2,AIR,19920726,59224.0)
(2,REG AIR,19980717,61867.0)
(19920210,122113.0)
(1,TRUCK,19950116,58264.0)
(19920913,301649.0)
(1,19940804,115267.0)
(2,19970806,119170.0)
(2,RAIL,19920322,57243.0)
(TRUCK,19980107,169085.0)
(1,19930724,311257.0)
(2,FOB,19960301,121212.0)
(1,19940615,61687.0)
(REG AIR,5.1345588E7)
(1,REG AIR,19920608,59765.0)
(2,MAIL,19980228,65110.0)
(2,19971021,59104.0)
(2,TRUCK,19980129,65290.0)
(1,AIR,19920721,62948.0)
(1,RAIL,19961001,56702.0)
(REG AIR,19930529,61026.0)
(1,FOB,19930129,57723.0)
(SHIP,19970716,65831.0)
(1,19970928,120011.0)
(1,RAIL,19930221,119410.0)
(2,RAIL,19970417,119771.0)
(2,AIR,19970316,63429.0)
(MAIL,19951015,181097.0)
(2,TRUCK,19941203,109020.0)
(MAIL,19970302,118629.0)
(1,FOB,19930525,186322.0)
(2,RAIL,19940717,63669.0)
(2,AIR,19931021,64089.0)
(2,FOB,19970607,57603.0)
(19960126,363576.0)
(2,AIR,19940319,61086.0)
(19930903,374987.0)
(TRUCK,19941010,182599.0)
(1,19960622,381654.0)
(FOB,19921210,123494.0)
(FOB,19960208,65050.0)
(1,AIR,19930405,63429.0)
(1,AIR,19951015,59525.0)
(TRUCK,19970513,119770.0)
(TRUCK,19921030,60186.0)
(2,19961112,117849.0)
(19960829,542152.0)
(AIR,19970213,58624.0)
(1,19950515,59885.0)
(1,19970126,182898.0)
(SHIP,19941024,113404.0)
(1,REG AIR,19970621,65711.0)
(MAIL,19971004,62287.0)
(2,19960131,225666.0)
(1,SHIP,19961113,65290.0)
(1,19940705,183199.0)
(AIR,19941215,128540.0)
(2,TRUCK,19971129,57903.0)
(2,RAIL,19950112,59224.0)
(RAIL,19920816,60426.0)
(MAIL,19920721,57303.0)
(2,FOB,19950519,64089.0)
(1,TRUCK,19951115,57783.0)
(2,19921224,124935.0)
(2,FOB,19961210,65831.0)
(REG AIR,19970516,60246.0)
(1,REG AIR,19921021,124515.0)
(2,FOB,19960815,56942.0)
(1,19971017,293540.0)
(2,SHIP,19960106,178334.0)
(1,REG AIR,19980305,65290.0)
(2,RAIL,19970930,57903.0)
(2,AIR,19960830,113104.0)
(FOB,19921229,65230.0)
(FOB,19940615,61687.0)
(RAIL,19941219,60306.0)
(19980322,294201.0)
(1,19971107,183439.0)
(AIR,19940612,58083.0)
(REG AIR,19970101,60066.0)
(MAIL,19960303,111723.0)
(2,AIR,19950525,61927.0)
(2,19940827,56161.0)
(MAIL,19971202,57063.0)
(2,MAIL,19941113,117308.0)
(FOB,19970423,120671.0)
(1,19961009,300387.0)
(TRUCK,19970216,63189.0)
(1,RAIL,19930726,123014.0)
(2,SHIP,19920317,62287.0)
(2,SHIP,19951223,54540.0)
(TRUCK,19940101,231792.0)
(TRUCK,19970603,122113.0)
(1,TRUCK,19940603,61747.0)
(1,REG AIR,19940101,60126.0)
(1,MAIL,19950305,121933.0)
(2,RAIL,19930411,65411.0)
(SHIP,19920603,174130.0)
(SHIP,19930404,62948.0)
(1,AIR,19971121,55921.0)
(2,FOB,19960527,186683.0)
(TRUCK,19950803,58023.0)
(SHIP,19940331,63069.0)
(1,TRUCK,19940117,54840.0)
(RAIL,19970127,55261.0)
(2,RAIL,19950923,58984.0)
(19950523,296543.0)
(2,REG AIR,19980401,58384.0)
(2,FOB,19950825,62588.0)
(REG AIR,19920304,65471.0)
(REG AIR,19940627,61807.0)
(19950325,481546.0)
(FOB,19971017,116467.0)
(AIR,19940306,62648.0)
(1,MAIL,19940810,56402.0)
(2,RAIL,19920827,64029.0)
(RAIL,19961226,63369.0)
(MAIL,19930108,55741.0)
(TRUCK,19970324,59164.0)
(1,TRUCK,19921127,59525.0)
(2,REG AIR,19940108,54840.0)
(2,RAIL,19930817,125416.0)
(2,RAIL,19920304,120311.0)
(2,RAIL,19951021,125956.0)
(19950217,117248.0)
(AIR,19960917,62888.0)
(1,MAIL,19951025,121872.0)
(1,FOB,19950604,113224.0)
(2,SHIP,19940306,57123.0)
(1,19921201,181336.0)
(2,19980706,58384.0)
(1,19931228,119230.0)
(19941208,123975.0)
(19930426,251613.0)
(RAIL,19970514,116768.0)
(1,MAIL,19971230,63609.0)
(AIR,19941206,118990.0)
(2,REG AIR,19960106,110641.0)
(1,RAIL,19920330,60786.0)
(AIR,19950909,65411.0)
(2,SHIP,2.3247639E7)
(SHIP,19920117,123315.0)
(2,SHIP,19951214,119711.0)
(RAIL,19931229,180376.0)
(19921110,231433.0)
(1,19920923,192749.0)
(1,MAIL,19980131,56462.0)
(1,RAIL,19980208,57063.0)
(1,SHIP,19951006,57783.0)
(2,TRUCK,19930421,113704.0)
(19950703,180256.0)
(2,19960618,59224.0)
(SHIP,19940728,120912.0)
(2,19970419,114906.0)
(2,REG AIR,19960205,64210.0)
(REG AIR,19931014,57843.0)
(19931227,419678.0)
(1,REG AIR,19930102,57363.0)
(1,MAIL,19960809,54420.0)
(FOB,19970928,65951.0)
(2,MAIL,19920918,56942.0)
(2,AIR,19980720,117848.0)
(1,19971224,65050.0)
(TRUCK,19970126,65471.0)
(REG AIR,19940717,170705.0)
(2,19961121,56221.0)
(FOB,19920130,65290.0)
(2,19920621,291137.0)
(19960621,62408.0)
(REG AIR,19951003,123074.0)
(2,19931124,248370.0)
(2,19930602,122954.0)
(1,19970324,57363.0)
(REG AIR,19980506,64630.0)
(1,19960505,63669.0)
(2,AIR,19940904,64990.0)
(RAIL,19920726,65711.0)
(1,RAIL,19960615,119410.0)
(19970729,126016.0)
(1,19921012,61507.0)
(RAIL,19930716,63249.0)
(SHIP,19980102,116767.0)
(1,REG AIR,19930724,62948.0)
(2,TRUCK,19970517,65050.0)
(2,19950916,169507.0)
(2,TRUCK,19920404,65050.0)
(2,FOB,19960914,171307.0)
(1,TRUCK,19940306,185962.0)
(1,TRUCK,19931018,57303.0)
(FOB,19940417,57903.0)
(2,FOB,19970814,57363.0)
(2,FOB,19980723,170587.0)
(TRUCK,19931129,192208.0)
(REG AIR,19970714,125476.0)
(1,19960820,838877.0)
(1,FOB,19940902,58444.0)
(2,19971120,113945.0)
(FOB,19940921,64450.0)
(TRUCK,19970423,369821.0)
(1,MAIL,19950323,57243.0)
(1,AIR,19950430,60246.0)
(SHIP,19940926,55681.0)
(1,REG AIR,19970315,65411.0)
(1,FOB,19920111,63369.0)
(2,RAIL,19970912,61687.0)
(1,AIR,19940602,120672.0)
(1,FOB,19961116,57483.0)
(2,19960717,186562.0)
(AIR,19930820,61026.0)
(2,REG AIR,19940810,116767.0)
(1,TRUCK,19950413,59645.0)
(2,AIR,19920528,65050.0)
(1,19950407,118328.0)
(FOB,19930724,59224.0)
(SHIP,19961112,58684.0)
(1,TRUCK,19980221,64270.0)
(2,REG AIR,19920425,61927.0)
(RAIL,19980117,55261.0)
(2,RAIL,19930907,56462.0)
(19970215,242785.0)
(2,RAIL,19970110,59224.0)
(2,FOB,19920422,58444.0)
(2,TRUCK,19980228,60606.0)
(1,TRUCK,19971023,55020.0)
(REG AIR,19970804,113164.0)
(FOB,19930805,123494.0)
(1,SHIP,19970401,120792.0)
(1,TRUCK,19920425,65771.0)
(SHIP,19970617,245187.0)
(1,19960703,56642.0)
(2,19971030,114245.0)
(FOB,19960910,62528.0)
(FOB,19930904,119530.0)
(2,19980418,118088.0)
(SHIP,19970419,59645.0)
(1,FOB,19931227,58204.0)
(1,19970306,307654.0)
(TRUCK,19920419,117489.0)
(2,MAIL,19930331,63369.0)
(2,19921026,119110.0)
(2,SHIP,19970529,58744.0)
(1,FOB,19950802,60246.0)
(1,SHIP,19921009,60666.0)
(2,19920315,354566.0)
(19920229,247588.0)
(1,FOB,19971106,111062.0)
(2,REG AIR,19970213,64690.0)
(19930110,234075.0)
(2,REG AIR,19961204,130461.0)
(2,RAIL,19930916,64930.0)
(19941019,843855.0)
(1,RAIL,19980226,55441.0)
(2,REG AIR,19920515,61927.0)
(19950226,419797.0)
(2,TRUCK,19941122,61807.0)
(MAIL,19960826,59525.0)
(19921002,405683.0)
(2,RAIL,19940906,63669.0)
(TRUCK,19920707,123915.0)
(RAIL,19930428,61627.0)
(1,REG AIR,19920914,56341.0)
(2,MAIL,19950717,58143.0)
(2,19930530,61026.0)
(1,FOB,19940614,62888.0)
(1,19930904,475420.0)
(2,TRUCK,19960617,58984.0)
(1,SHIP,19921207,64510.0)
(TRUCK,19940705,65290.0)
(RAIL,19920320,64210.0)
(19960630,115205.0)
(2,AIR,19970109,57903.0)
(1,19930823,57783.0)
(1,TRUCK,19930505,62287.0)
(2,MAIL,19970319,117909.0)
(1,FOB,19961107,63189.0)
(SHIP,19920324,65471.0)
(2,19920919,311316.0)
(2,RAIL,19930312,126017.0)
(1,MAIL,19920317,58204.0)
(2,RAIL,19980425,62107.0)
(SHIP,19920919,65350.0)
(2,FOB,19930223,55921.0)
(2,19940430,294021.0)
(RAIL,19960407,54840.0)
(RAIL,19950327,54780.0)
(REG AIR,19970426,179475.0)
(1,AIR,19951006,126136.0)
(AIR,19960214,115086.0)
(2,19951023,415473.0)
(2,TRUCK,19970427,57003.0)
(1,19970621,304170.0)
(1,FOB,19930903,123855.0)
(19960315,248069.0)
(1,19921120,305252.0)
(1,19970423,547015.0)
(1,MAIL,19960629,62828.0)
(2,19960915,61747.0)
(19930507,419256.0)
(1,19930120,187163.0)
(2,19960429,182298.0)
(2,19951014,65411.0)
(2,19920405,421178.0)
(1,FOB,19960315,65411.0)
(1,AIR,19920712,57123.0)
(FOB,19920815,290418.0)
(1,19930427,118689.0)
(TRUCK,19970621,115266.0)
(2,RAIL,19951030,58324.0)
(TRUCK,19940921,59104.0)
(REG AIR,19920106,61807.0)
(2,RAIL,19951201,64630.0)
(SHIP,19950123,59585.0)
(1,TRUCK,19960331,176232.0)
(2,AIR,19920113,127698.0)
(2,AIR,19960704,59525.0)
(REG AIR,19921231,64029.0)
(19931010,285853.0)
(19980502,174731.0)
(SHIP,19920315,121692.0)
(2,AIR,19940517,64450.0)
(1,19941001,252394.0)
(REG AIR,19941211,243444.0)
(AIR,19950125,57843.0)
(1,MAIL,19920821,58444.0)
(FOB,19961009,190286.0)
(MAIL,19980419,237199.0)
(RAIL,19950318,110702.0)
(MAIL,19970410,64510.0)
(2,19920630,182900.0)
(2,19930729,59885.0)
(RAIL,19950507,62408.0)
(TRUCK,19960820,243206.0)
(1,REG AIR,19921229,57843.0)
(2,SHIP,19971203,62107.0)
(REG AIR,19920511,124335.0)
(19930309,610625.0)
(AIR,19960430,59945.0)
(1,RAIL,19970227,54960.0)
(1,REG AIR,19980224,54240.0)
(19950901,410548.0)
(MAIL,19930504,55741.0)
(2,SHIP,19920713,252873.0)
(1,SHIP,19971031,56462.0)
(2,REG AIR,19980410,186863.0)
(1,RAIL,19970326,55981.0)
(FOB,19921201,59284.0)
(1,REG AIR,19941010,59284.0)
(AIR,19980528,128239.0)
(1,RAIL,19980802,61327.0)
(2,RAIL,19921231,65591.0)
(2,MAIL,19961120,184820.0)
(1,19980206,381533.0)
(1,19940822,183679.0)
(FOB,19930526,115627.0)
(2,TRUCK,19940213,63309.0)
(2,TRUCK,19980723,127818.0)
(1,SHIP,19960907,124094.0)
(AIR,19920713,61086.0)
(2,TRUCK,19950726,57483.0)
(19930228,414091.0)
(TRUCK,19931228,185061.0)
(2,FOB,19980228,123794.0)
(19980728,237019.0)
(AIR,19961006,57063.0)
(19920328,246207.0)
(19921101,117909.0)
(2,RAIL,19941121,61987.0)
(19970413,122353.0)
(SHIP,19960131,114425.0)
(1,19920220,120671.0)
(1,TRUCK,19980131,63549.0)
(MAIL,19980626,63489.0)
(1,AIR,19950520,115386.0)
(2,RAIL,19920601,125416.0)
(2,19930116,242723.0)
(19951216,368981.0)
(1,FOB,19940326,180557.0)
(2,REG AIR,19951115,128119.0)
(MAIL,19980707,54240.0)
(2,SHIP,19950116,58624.0)
(TRUCK,19920905,62347.0)
(19950415,126738.0)
(SHIP,19920405,65831.0)
(1,FOB,19950325,61267.0)
(MAIL,19951204,175451.0)
(19980313,416133.0)
(TRUCK,19980305,57123.0)
(1,19940930,303209.0)
(1,19980224,177674.0)
(1,AIR,19951222,56402.0)
(2,19950529,122473.0)
(TRUCK,19980314,119890.0)
(1,REG AIR,19921030,63669.0)
(AIR,19950224,119230.0)
(2,19950411,118148.0)
(AIR,19951115,117069.0)
(SHIP,19920207,119109.0)
(1,AIR,19940819,64630.0)
(2,19971111,289937.0)
(2,SHIP,19920416,60306.0)
(1,19960712,117849.0)
(1,AIR,19960907,241582.0)
(2,TRUCK,19930926,54420.0)
(19980421,299186.0)
(SHIP,19920630,129380.0)
(SHIP,19960816,177193.0)
(2,REG AIR,19930929,56462.0)
(FOB,19980206,182177.0)
(19960405,293480.0)
(2,19970716,121332.0)
(2,19940313,238880.0)
(1,19961117,60426.0)
(2,TRUCK,19960707,63429.0)
(1,19970108,120731.0)
(1,MAIL,19941215,58264.0)
(2,REG AIR,19940306,58264.0)
(RAIL,19971108,62948.0)
(1,RAIL,19920213,58204.0)
(TRUCK,19960226,117248.0)
(1,SHIP,19980130,59825.0)
(FOB,19950227,63369.0)
(1,19971125,306753.0)
(1,FOB,19971214,64149.0)
(TRUCK,19921021,121032.0)
(FOB,19940804,61387.0)
(2,TRUCK,19941005,65411.0)
(2,TRUCK,19920422,186683.0)
(1,FOB,19950901,65350.0)
(2,RAIL,19960319,63849.0)
(MAIL,19921216,120010.0)
(2,MAIL,19941005,57963.0)
(2,TRUCK,19960824,59044.0)
(1,TRUCK,19970411,55321.0)
(2,TRUCK,19920729,64450.0)
(19950820,172869.0)
(SHIP,19980418,121032.0)
(1,19940525,123013.0)
(1,19950911,59705.0)
(1,RAIL,19920411,118028.0)
(2,RAIL,19970426,65411.0)
(SHIP,19971229,57903.0)
(FOB,19950821,251012.0)
(1,AIR,19971004,126437.0)
(TRUCK,19961126,114846.0)
(19950316,558845.0)
(19940704,184041.0)
(SHIP,19960618,123074.0)
(AIR,19940630,251974.0)
(2,MAIL,19930223,63549.0)
(2,TRUCK,19920521,63729.0)
(2,TRUCK,19930313,60546.0)
(2,19970527,236477.0)
(2,MAIL,19930601,65350.0)
(1,MAIL,19980113,128719.0)
(1,RAIL,19961010,55921.0)
(1,19951127,123374.0)
(MAIL,19971130,54180.0)
(RAIL,19940706,123193.0)
(1,REG AIR,19921120,305252.0)
(2,19960609,188244.0)
(19960522,298464.0)
(2,19931115,185541.0)
(AIR,19970411,125175.0)
(1,REG AIR,19971107,64870.0)
(19961125,172148.0)
(MAIL,19960925,62287.0)
(AIR,19951007,54600.0)
(2,SHIP,19930325,58444.0)
(2,AIR,19960803,127459.0)
(MAIL,19980130,178334.0)
(1,REG AIR,19921111,60546.0)
(2,TRUCK,19920819,65170.0)
(2,TRUCK,19940123,62828.0)
(SHIP,19960429,116467.0)
(SHIP,19930620,57483.0)
(MAIL,19970113,122953.0)
(2,19960311,170406.0)
(SHIP,19971030,57003.0)
(1,19931129,437634.0)
(RAIL,19940409,64690.0)
(2,AIR,19930329,56702.0)
(MAIL,19960727,65651.0)
(2,RAIL,19970705,61327.0)
(FOB,19960217,120371.0)
(MAIL,19920109,171728.0)
(REG AIR,19921204,63729.0)
(1,REG AIR,19940408,64330.0)
(MAIL,19971121,167524.0)
(19961224,537705.0)
(1,FOB,19950226,60606.0)
(1,19921021,495477.0)
(RAIL,19970424,55801.0)
(1,TRUCK,19980311,118209.0)
(REG AIR,19931221,57963.0)
(SHIP,19941222,119410.0)
(RAIL,19960326,65651.0)
(19950505,184700.0)
(2,MAIL,19941221,60066.0)
(2,TRUCK,19960310,54780.0)
(2,TRUCK,19960103,112743.0)
(1,AIR,19941016,61267.0)
(MAIL,19960510,117248.0)
(TRUCK,19980521,180557.0)
(1,AIR,19930702,61747.0)
(RAIL,19930923,299305.0)
(MAIL,19930603,117249.0)
(2,REG AIR,19950729,115327.0)
(2,TRUCK,19920215,123614.0)
(TRUCK,19971107,57603.0)
(FOB,19970108,58264.0)
(FOB,19970621,181277.0)
(1,19971116,56822.0)
(1,MAIL,19950909,113765.0)
(2,MAIL,19980624,58143.0)
(1,AIR,19930324,59825.0)
(TRUCK,19971026,59284.0)
(AIR,19980410,65471.0)
(19971223,295042.0)
(MAIL,19971112,115746.0)
(1,SHIP,19980419,54420.0)
(RAIL,19950228,189925.0)
(MAIL,19941124,59585.0)
(2,19960816,171067.0)
(2,AIR,19971108,64089.0)
(2,19930611,60966.0)
(1,TRUCK,19940630,122353.0)
(19940623,294201.0)
(1,REG AIR,19930715,63789.0)
(1,REG AIR,19921201,56341.0)
(2,TRUCK,19970319,58504.0)
(2,RAIL,19960418,60606.0)
(TRUCK,19961027,63069.0)
(2,RAIL,19960229,122053.0)
(19930516,57243.0)
(2,TRUCK,19961111,55140.0)
(TRUCK,19921229,58684.0)
(MAIL,19980725,58444.0)
(AIR,19961204,59765.0)
(TRUCK,19951127,62167.0)
(1,19970720,63849.0)
(2,19920306,245127.0)
(2,FOB,19960121,58924.0)
(19940920,609062.0)
(1,19930102,179776.0)
(MAIL,19971031,56702.0)
(2,MAIL,19961102,58744.0)
(FOB,19941001,117248.0)
(2,FOB,19960103,61267.0)
(1,FOB,19950910,55020.0)
(REG AIR,19970705,56702.0)
(2,19951113,183379.0)
(SHIP,19950105,60246.0)
(SHIP,19960609,194431.0)
(2,FOB,19980714,117908.0)
(1,TRUCK,19950602,54120.0)
(AIR,19950530,57963.0)
(19950604,770820.0)
(2,19970518,59405.0)
(AIR,19980717,123374.0)
(TRUCK,19920220,63669.0)
(1,AIR,19970221,59224.0)
(TRUCK,19930508,61086.0)
(2,SHIP,19980113,121572.0)
(RAIL,19930824,55321.0)
(1,19940408,365737.0)
(19950721,234436.0)
(2,SHIP,19960403,60306.0)
(2,19941123,126017.0)
(2,TRUCK,19961012,58684.0)
(FOB,19921021,190286.0)
(1,MAIL,19970321,59284.0)
(1,REG AIR,19961009,54600.0)
(1,MAIL,19960331,54840.0)
(MAIL,19970221,57543.0)
(1,REG AIR,19930526,57183.0)
(1,MAIL,19921226,55201.0)
(2,AIR,19941129,179536.0)
(2,RAIL,19950617,54180.0)
(1,REG AIR,19940921,55981.0)
(FOB,19960622,191548.0)
(2,RAIL,19951102,61867.0)
(2,19931205,344656.0)
(1,SHIP,19940909,118990.0)
(1,19960226,117248.0)
(1,REG AIR,19960910,64570.0)
(AIR,19920425,62768.0)
(SHIP,19960915,61747.0)
(SHIP,19930927,186923.0)
(2,19970905,119951.0)
(AIR,19970529,54840.0)
(TRUCK,19950227,55861.0)
(1,19950317,192329.0)
(MAIL,19931224,124516.0)
(1,AIR,19961212,60426.0)
(2,19940403,110281.0)
(2,TRUCK,19970526,55981.0)
(2,19950808,118028.0)
(SHIP,19950411,57123.0)
(1,SHIP,19940530,59945.0)
(1,AIR,19930720,57663.0)
(1,TRUCK,19930325,55140.0)
(2,MAIL,19950618,65471.0)
(1,19961027,178336.0)
(1,SHIP,19960312,66012.0)
(AIR,19930325,114365.0)
(19960928,114906.0)
(1,19931110,54480.0)
(19940731,56702.0)
(2,FOB,19941221,57903.0)
(1,AIR,19961104,62648.0)
(2,19941024,237319.0)
(FOB,19920220,179955.0)
(19960810,298044.0)
(2,REG AIR,19930325,57243.0)
(MAIL,19960628,115747.0)
(2,TRUCK,19970706,58744.0)
(RAIL,19970712,123133.0)
(19980629,127818.0)
(REG AIR,19980128,65891.0)
(19921219,170527.0)
(19940911,236418.0)
(2,AIR,19970712,65110.0)
(19970107,55501.0)
(RAIL,19940526,61086.0)
(19921228,352285.0)
(SHIP,19930413,57183.0)
(19950802,497581.0)
(19951207,349941.0)
(MAIL,19970924,120791.0)
(2,TRUCK,19921007,60606.0)
(2,FOB,19921025,65771.0)
(1,SHIP,19970807,116647.0)
(1,AIR,19940521,54780.0)
(1,SHIP,19940521,124756.0)
(2,SHIP,19920218,180977.0)
(2,AIR,19950318,180015.0)
(2,19970509,56341.0)
(2,19980724,191427.0)
(2,FOB,19970526,117849.0)
(2,AIR,19921103,57423.0)
(19971214,247708.0)
(FOB,19951028,59705.0)
(1,TRUCK,19940108,61567.0)
(1,REG AIR,19961027,58204.0)
(2,MAIL,19980408,124815.0)
(2,TRUCK,19920620,56281.0)
(2,AIR,19950930,62107.0)
(2,FOB,19921214,56101.0)
(2,AIR,19950912,116707.0)
(1,19940101,350603.0)
(AIR,19920515,54900.0)
(SHIP,19940313,117729.0)
(1,19930715,245127.0)
(2,AIR,19961028,55080.0)
(2,AIR,19970910,62708.0)
(2,TRUCK,19931231,128239.0)
(1,19980107,184700.0)
(RAIL,19931210,181277.0)
(2,AIR,19960506,114065.0)
(RAIL,19970316,60906.0)
(TRUCK,19920608,62107.0)
(2,19920117,178155.0)
(1,19970513,127879.0)
(RAIL,19920429,61447.0)
(2,19960906,179535.0)
(2,SHIP,19950602,57663.0)
(2,AIR,19941219,55981.0)
(19920904,185722.0)
(2,FOB,19970120,63909.0)
(1,TRUCK,19930514,54360.0)
(1,AIR,19970528,57003.0)
(REG AIR,19930907,125656.0)
(2,AIR,19920906,63249.0)
(1,TRUCK,19960403,54840.0)
(2,TRUCK,19970210,121692.0)
(FOB,19931129,121872.0)
(1,SHIP,19961023,55921.0)
(19980205,239961.0)
(19931029,291139.0)
(MAIL,19950610,54300.0)
(1,FOB,19960522,65711.0)
(2,SHIP,19960809,54720.0)
(TRUCK,19961117,116828.0)
(19930723,181757.0)
(AIR,19930217,54600.0)
(1,MAIL,19931225,65831.0)
(1,19970315,125056.0)
(1,REG AIR,19930111,65591.0)
(1,19980314,122713.0)
(1,AIR,19950304,182299.0)
(FOB,19920914,54240.0)
(19930714,59344.0)
(SHIP,19950826,173649.0)
(TRUCK,19940408,170346.0)
(2,AIR,19961226,63849.0)
(1,AIR,19950115,118750.0)
(2,MAIL,19930421,56101.0)
(1,TRUCK,19980113,57843.0)
(1,TRUCK,19970817,62047.0)
(FOB,19971125,122173.0)
(RAIL,19940427,64390.0)
(19940209,363996.0)
(1,REG AIR,19970423,171188.0)
(2,RAIL,19950211,57903.0)
(FOB,19951127,123374.0)
(1,SHIP,19920802,63729.0)
(AIR,19970817,59705.0)
(REG AIR,19921006,62708.0)
(2,19920603,587742.0)
(MAIL,19951222,61987.0)
(1,MAIL,19960403,60126.0)
(2,19951005,116887.0)
(SHIP,19960311,63909.0)
(2,AIR,19980603,64149.0)
(1,TRUCK,19950305,64210.0)
(1,19930111,240142.0)
(2,AIR,19960713,62768.0)
(2,REG AIR,19960917,54180.0)
(2,TRUCK,19940312,63549.0)
(19920111,357690.0)
(RAIL,19970217,63369.0)
(1,19941010,177313.0)
(1,REG AIR,19960208,59525.0)
(SHIP,19950501,127338.0)
(1,REG AIR,19960505,63669.0)
(MAIL,19970528,66012.0)
(1,AIR,19920307,65411.0)
(SHIP,19921008,232634.0)
(RAIL,19950110,119830.0)
(1,19970414,61627.0)
(FOB,19970603,59465.0)
(AIR,19931027,55741.0)
(SHIP,19931115,176592.0)
(RAIL,19940508,184281.0)
(1,RAIL,19920510,123554.0)
(1,FOB,19980511,63369.0)
(REG AIR,19960616,61086.0)
(MAIL,19940521,114785.0)
(1,19960910,64570.0)
(1,FOB,19930110,120491.0)
(1,FOB,19930417,58924.0)
(REG AIR,19970309,54120.0)
(RAIL,19980531,64930.0)
(RAIL,19980216,171308.0)
(MAIL,19920703,121032.0)
(RAIL,19940517,57963.0)
(1,REG AIR,19960622,62888.0)
(TRUCK,19970108,124275.0)
(2,SHIP,19941215,62287.0)
(1,TRUCK,19930217,63909.0)
(1,19930814,58624.0)
(2,SHIP,19940630,55381.0)
(1,FOB,19920508,60426.0)
(1,19940921,121271.0)
(2,19920207,171006.0)
(2,19940520,248190.0)
(2,MAIL,19920620,63849.0)
(2,FOB,19940510,118209.0)
(19920805,918639.0)
(2,RAIL,19921006,57843.0)
(1,FOB,19940506,61207.0)
(2,19921008,360333.0)
(AIR,19980627,65891.0)
(2,RAIL,19961219,65350.0)
(1,TRUCK,19941215,61387.0)
(REG AIR,19951030,115867.0)
(TRUCK,19950704,64270.0)
(TRUCK,19960622,62528.0)
(MAIL,19970609,54660.0)
(AIR,19920920,63549.0)
(1,REG AIR,19970324,57363.0)
(2,19970824,295942.0)
(2,TRUCK,19930629,65591.0)
(TRUCK,19940822,63969.0)
(2,REG AIR,19950224,62468.0)
(FOB,19921111,57123.0)
(2,AIR,19920320,127399.0)
(19980124,354565.0)
(FOB,19980521,63189.0)
(2,19940331,180677.0)
(1,FOB,19930309,65170.0)
(19931119,770281.0)
(REG AIR,19941121,58984.0)
(SHIP,19951203,54720.0)
(1,19960217,116407.0)
(AIR,19960322,63969.0)
(1,RAIL,19960318,60726.0)
(2,19980427,176112.0)
(19940227,430066.0)
(2,FOB,19980507,61146.0)
(1,TRUCK,19960809,54420.0)
(FOB,19930823,57783.0)
(FOB,19970414,65411.0)
(TRUCK,19940525,179955.0)
(2,SHIP,19921226,64990.0)
(2,FOB,19940402,63069.0)
(2,AIR,19971225,54660.0)
(1,AIR,19930504,65350.0)
(2,SHIP,19971014,63729.0)
(MAIL,19960330,58204.0)
(2,FOB,19960824,64630.0)
(1,19940831,60546.0)
(1,TRUCK,19920218,56161.0)
(TRUCK,19960217,120071.0)
(1,RAIL,19950724,55261.0)
(19931218,653572.0)
(1,TRUCK,19970907,63249.0)
(2,SHIP,19960331,58023.0)
(19960612,183259.0)
(AIR,19931126,54660.0)
(1,19920824,120431.0)
(FOB,19970531,170526.0)
(2,19970707,185122.0)
(MAIL,19980112,108720.0)
(2,19960627,54900.0)
(1,REG AIR,19970531,58504.0)
(1,19971026,115986.0)
(2,FOB,19980525,187284.0)
(FOB,19940705,65350.0)
(2,FOB,19960617,54480.0)
(MAIL,19930117,64690.0)
(REG AIR,19960418,119591.0)
(1,RAIL,19960804,63369.0)
(1,RAIL,19980316,123915.0)
(AIR,19980311,55561.0)
(1,RAIL,19921203,65411.0)
(2,MAIL,19920927,123554.0)
(AIR,19960106,129320.0)
(1,19950821,192149.0)
(FOB,19960820,243745.0)
(2,RAIL,19970101,116167.0)
(2,SHIP,19960629,58204.0)
(REG AIR,19920124,115807.0)
(2,MAIL,19930809,58023.0)
(1,TRUCK,19971230,54420.0)
(1,RAIL,19930717,64990.0)
(MAIL,19920325,57003.0)
(SHIP,19960627,54900.0)
(FOB,19930111,62107.0)
(RAIL,19950930,60006.0)
(2,19971012,347058.0)
(1,FOB,19970413,62047.0)
(1,19920815,124215.0)
(1,FOB,19971115,66012.0)
