(2,REG AIR,19920603,173410.0)
(RAIL,19931218,293360.0)
(1,SHIP,19930827,56281.0)
(1,REG AIR,19960620,61567.0)
(2,TRUCK,19980316,55201.0)
(2,RAIL,19950822,62347.0)
(1,AIR,19920927,59645.0)
(RAIL,19931029,109381.0)
(2,REG AIR,19960618,59224.0)
(SHIP,19980407,54660.0)
(TRUCK,19931109,115867.0)
(RAIL,19970404,114545.0)
(TRUCK,19940901,57063.0)
(AIR,19970310,55441.0)
(2,RAIL,19920726,65711.0)
(RAIL,19920805,242124.0)
(1,REG AIR,19970412,122774.0)
(1,MAIL,19980706,57603.0)
(1,RAIL,19970126,57723.0)
(1,AIR,19950320,59825.0)
(SHIP,19931230,60246.0)
(1,TRUCK,19931115,64930.0)
(19950125,187523.0)
(1,TRUCK,19971111,54180.0)
(19970826,125957.0)
(2,AIR,19941019,62167.0)
(AIR,19940403,55861.0)
(MAIL,19921205,56341.0)
(TRUCK,19960314,56341.0)
(1,AIR,19930313,60066.0)
(TRUCK,19930317,62708.0)
(1,MAIL,19970905,126557.0)
(SHIP,19930123,192087.0)
(TRUCK,19940514,56221.0)
(FOB,19920327,120731.0)
(2,FOB,19970407,64990.0)
(2,19970525,63009.0)
(RAIL,19930309,63189.0)
(MAIL,19920107,64570.0)
(MAIL,19920828,56041.0)
(1,MAIL,19980724,55621.0)
(SHIP,19931221,56522.0)
(1,TRUCK,19960816,60066.0)
(REG AIR,19980621,182538.0)
(1,19930128,113344.0)
(2,SHIP,19920919,65350.0)
(2,AIR,19970413,60306.0)
(2,19970408,190406.0)
(2,MAIL,19980316,55441.0)
(FOB,19930128,56101.0)
(1,REG AIR,19951125,63369.0)
(REG AIR,19960920,120611.0)
(1,SHIP,19941212,56101.0)
(1,19980619,231914.0)
(2,REG AIR,19920306,58564.0)
(SHIP,19931014,61207.0)
(2,MAIL,19970317,64029.0)
(2,MAIL,19931121,55441.0)
(1,FOB,19940621,54900.0)
(2,TRUCK,19941030,61026.0)
(19950314,306032.0)
(TRUCK,19921010,57303.0)
(2,RAIL,19940526,61086.0)
(1,MAIL,19931205,112564.0)
(2,FOB,19950913,61807.0)
(1,19960206,173650.0)
(MAIL,19931114,63249.0)
(SHIP,19940618,176173.0)
(MAIL,19970616,119230.0)
(SHIP,19980227,60906.0)
(2,MAIL,19921005,61747.0)
(SHIP,19920430,118269.0)
(2,TRUCK,19921005,64330.0)
(2,SHIP,19960131,114425.0)
(2,RAIL,19961028,54240.0)
(TRUCK,19980330,61146.0)
(2,AIR,19940209,60966.0)
(MAIL,19930106,123615.0)
(FOB,19940604,64750.0)
(1,TRUCK,19970103,65771.0)
(2,19970705,183920.0)
(1,FOB,19961222,54660.0)
(1,REG AIR,19970223,54420.0)
(1,19960224,64990.0)
(2,REG AIR,19921008,63429.0)
(2,19920124,57363.0)
(2,MAIL,19940914,122413.0)
(2,TRUCK,19980730,54060.0)
(SHIP,19930411,55561.0)
(19921028,176893.0)
(AIR,19930404,60546.0)
(TRUCK,19950216,56161.0)
(19941206,410129.0)
(1,SHIP,19921007,54900.0)
(1,MAIL,19961121,62768.0)
(RAIL,19940623,57603.0)
(2,MAIL,19950715,57123.0)
(2,AIR,19920229,129860.0)
(19960331,761749.0)
(REG AIR,19940409,55020.0)
(1,19970313,114304.0)
(1,RAIL,19970513,62408.0)
(2,SHIP,19921008,232634.0)
(AIR,19951014,61146.0)
(RAIL,19930516,57243.0)
(2,19930925,116708.0)
(2,TRUCK,19920907,58804.0)
(AIR,19920324,113224.0)
(1,19921010,118029.0)
(REG AIR,19960317,59525.0)
(REG AIR,19960830,62287.0)
(RAIL,19951207,112863.0)
(MAIL,19970715,65350.0)
(2,19951021,249991.0)
(2,TRUCK,19940202,114786.0)
(1,RAIL,19960208,60606.0)
(1,MAIL,19970617,56882.0)
(REG AIR,19960326,56942.0)
(2,REG AIR,19980418,55140.0)
(AIR,19970121,58023.0)
(1,19940604,188484.0)
(2,REG AIR,19960717,62107.0)
(2,RAIL,19931229,125776.0)
(1,SHIP,19960707,64270.0)
(AIR,19930620,55741.0)
(19951223,416673.0)
(2,REG AIR,19950916,57003.0)
(2,TRUCK,19961010,242063.0)
(1,MAIL,19970220,57843.0)
(2,RAIL,19950318,110702.0)
(RAIL,19950316,188003.0)
(2,19960418,60606.0)
(AIR,19920513,118749.0)
(19921127,59525.0)
(1,SHIP,19980624,124815.0)
(1,MAIL,19970121,54360.0)
(REG AIR,19950228,54780.0)
(1,SHIP,19940420,60306.0)
(19931108,185181.0)
(1,RAIL,19950317,64450.0)
(TRUCK,19960512,61327.0)
(AIR,19931007,55080.0)
(2,19940618,245667.0)
(TRUCK,19960918,59585.0)
(MAIL,19960707,114184.0)
(2,MAIL,19931130,64870.0)
(SHIP,19970705,63369.0)
(FOB,19940118,183679.0)
(19971212,59705.0)
(REG AIR,19940517,54120.0)
(19950927,111122.0)
(2,TRUCK,19970731,58264.0)
(SHIP,19930817,115326.0)
(MAIL,19920422,58204.0)
(1,19921227,60666.0)
(FOB,19951017,63189.0)
(AIR,19950501,57783.0)
(19930406,131543.0)
(SHIP,19950923,64210.0)
(2,19980227,178394.0)
(1,19950414,114665.0)
(19960430,371622.0)
(2,AIR,19950820,113705.0)
(1,MAIL,19930521,115086.0)
(2,RAIL,19960920,61627.0)
(2,AIR,19970404,61927.0)
(2,19970714,188064.0)
(SHIP,19921231,126438.0)
(2,19970228,122413.0)
(1,RAIL,19930111,58324.0)
(1,RAIL,19971125,56762.0)
(2,FOB,19961010,58023.0)
(AIR,19940331,61387.0)
(RAIL,19950523,59044.0)
(FOB,19961223,63129.0)
(REG AIR,19940715,64690.0)
(TRUCK,19971006,56642.0)
(1,REG AIR,19930830,54900.0)
(2,AIR,19940227,59344.0)
(19940513,185421.0)
(RAIL,19960315,59585.0)
(2,19930628,297804.0)
(1,TRUCK,19971012,130401.0)
(SHIP,19931122,58744.0)
(1,AIR,19930926,54420.0)
(1,AIR,19930304,55801.0)
(2,FOB,19980802,54360.0)
(1,SHIP,19950726,59164.0)
(1,MAIL,19980102,60726.0)
(2,RAIL,19950930,60006.0)
(1,SHIP,19950618,62768.0)
(AIR,19930413,124035.0)
(19930505,126737.0)
(19951115,1020091.0)
(RAIL,19920904,56522.0)
(1,REG AIR,19930920,111963.0)
(2,AIR,19920508,61807.0)
(1,TRUCK,19970617,55140.0)
(19940612,235757.0)
(19951007,54600.0)
(1,RAIL,19941010,62648.0)
(19920506,424541.0)
(FOB,19980709,62768.0)
(2,TRUCK,19960822,55921.0)
(2,MAIL,19930221,54300.0)
(1,MAIL,19940520,57183.0)
(2,RAIL,19930608,118630.0)
(1,19940505,764154.0)
(1,AIR,19970120,64630.0)
(2,REG AIR,19940926,57303.0)
(1,AIR,19980723,60606.0)
(FOB,19940109,178755.0)
(TRUCK,19920714,63189.0)
(1,19960107,234016.0)
(REG AIR,19961028,118869.0)
(MAIL,19940925,178815.0)
(19960322,118689.0)
(1,AIR,19980507,61567.0)
(2,TRUCK,19950724,57003.0)
(1,FOB,19940108,119290.0)
(TRUCK,19930227,180917.0)
(2,REG AIR,19980427,59344.0)
(2,FOB,19940518,55561.0)
(2,19930916,64930.0)
(2,REG AIR,19980724,65951.0)
(1,REG AIR,19941027,64690.0)
(MAIL,19930601,65350.0)
(SHIP,19950617,120311.0)
(FOB,19960206,58204.0)
(FOB,19940820,126738.0)
(2,MAIL,19930618,58324.0)
(MAIL,19950717,58143.0)
(2,SHIP,19920207,56882.0)
(1,19951017,185422.0)
(2,REG AIR,19980210,65050.0)
(RAIL,19940902,61867.0)
(1,19960323,115807.0)
(RAIL,19940911,57063.0)
(2,REG AIR,19920621,59224.0)
(2,SHIP,19950501,127338.0)
(AIR,19921026,120671.0)
(1,TRUCK,19930521,62287.0)
(2,19970101,241643.0)
(2,RAIL,19940319,61567.0)
(1,FOB,19930127,57963.0)
(1,19971213,251732.0)
(19961006,172750.0)
(1,AIR,19980228,169505.0)
(1,19971231,245487.0)
(1,MAIL,19950916,127819.0)
(19961204,245066.0)
(1,RAIL,19930715,63849.0)
(1,AIR,19930629,124576.0)
(1,19980420,64870.0)
(2,TRUCK,19920510,111902.0)
(MAIL,19950104,60846.0)
(2,SHIP,19941222,60666.0)
(2,19951003,242004.0)
(FOB,19940505,233355.0)
(AIR,19980418,125897.0)
(1,MAIL,19951023,230712.0)
(2,REG AIR,19970310,111843.0)
(2,REG AIR,19920513,121572.0)
(MAIL,19920819,64450.0)
(1,AIR,19950906,64690.0)
(2,19920106,288555.0)
(2,RAIL,19930626,117248.0)
(1,RAIL,19970315,59645.0)
(2,SHIP,19941024,113404.0)
(AIR,19970617,62828.0)
(REG AIR,19950507,123735.0)
(TRUCK,19920408,63189.0)
(FOB,19960512,56341.0)
(1,19961007,61627.0)
(1,AIR,19930412,56281.0)
(FOB,19940901,127157.0)
(1,AIR,19940312,56101.0)
(1,19960314,473855.0)
(1,19951215,57543.0)
(1,19970412,185662.0)
(FOB,19920714,121152.0)
(1,19960422,287054.0)
(REG AIR,19960821,65831.0)
(1,MAIL,19930116,60306.0)
(2,FOB,19970731,118510.0)
(2,19930312,126017.0)
(1,19971123,54780.0)
(1,REG AIR,19920426,62768.0)
(1,AIR,19940925,59765.0)
(1,AIR,19920305,65591.0)
(TRUCK,19950207,61807.0)
(SHIP,19980128,54360.0)
(19921109,122713.0)
(1,19950531,181458.0)
(1,19970214,124275.0)
(AIR,19940430,61987.0)
(1,SHIP,19950924,58624.0)
(TRUCK,19961025,57783.0)
(2,REG AIR,19970112,57063.0)
(19951214,363817.0)
(1,TRUCK,19970806,60606.0)
(1,AIR,19930430,58804.0)
(2,TRUCK,19920303,65411.0)
(2,FOB,19930203,65531.0)
(1,19960305,178934.0)
(AIR,19960717,63009.0)
(TRUCK,19940109,58384.0)
(RAIL,19950604,66012.0)
(1,RAIL,19971116,56822.0)
(,3.61508491E8)
(FOB,19941126,63969.0)
(RAIL,19970215,63069.0)
(2,MAIL,19950904,60426.0)
(MAIL,19930511,118149.0)
(AIR,19971030,56762.0)
(1,19980114,183440.0)
(REG AIR,19940508,131242.0)
(1,REG AIR,19960305,60306.0)
(TRUCK,19920822,61627.0)
(2,MAIL,19980208,56522.0)
(2,19931014,171668.0)
(1,REG AIR,19971123,54780.0)
(2,MAIL,19960912,63129.0)
(19931027,597110.0)
(1,TRUCK,19940313,120431.0)
(MAIL,19970111,63849.0)
(1,19950405,62828.0)
(2,SHIP,19930620,57483.0)
(2,19930411,179596.0)
(FOB,19961016,57003.0)
(1,MAIL,19950123,54600.0)
(1,MAIL,19921026,56582.0)
(FOB,19921119,239780.0)
(2,19960904,56882.0)
(FOB,19960305,62347.0)
(19950305,368441.0)
(REG AIR,19961208,55621.0)
(FOB,19971213,187163.0)
(SHIP,19930628,56822.0)
(FOB,19961007,64690.0)
(19961213,419497.0)
(1,19940118,308855.0)
(SHIP,19970525,63549.0)
(RAIL,19951018,124155.0)
(SHIP,19920124,55801.0)
(RAIL,19940506,122473.0)
(1,RAIL,19920310,59224.0)
(1,MAIL,19930404,127457.0)
(1,RAIL,19920923,64510.0)
(19971014,63729.0)
(1,REG AIR,19940505,232034.0)
(2,SHIP,19931115,62347.0)
(2,AIR,19960504,63549.0)
(FOB,19950504,65170.0)
(2,MAIL,19920916,54180.0)
(19930109,121633.0)
(2,RAIL,19970811,120971.0)
(1,19920516,63969.0)
(1,19920408,184160.0)
(1,AIR,19941005,61026.0)
(1,19971006,180316.0)
(TRUCK,19980709,128899.0)
(TRUCK,19931226,58744.0)
(1,TRUCK,19980427,54300.0)
(2,RAIL,19920816,60426.0)
(AIR,19980328,63549.0)
(2,19921114,59885.0)
(2,19960616,183740.0)
(2,19921231,192689.0)
(2,19940627,244947.0)
(TRUCK,19930821,125897.0)
(SHIP,19961219,115086.0)
(2,19951030,171248.0)
(FOB,19930830,60306.0)
(1,RAIL,19971017,54240.0)
(MAIL,19980228,193709.0)
(MAIL,19941221,123075.0)
(TRUCK,19940604,64450.0)
(2,MAIL,19930915,55501.0)
(2,19970110,172027.0)
(AIR,19970905,59765.0)
(1,19960927,62047.0)
(AIR,19980120,61026.0)
(1,19930821,302190.0)
(2,SHIP,19970725,63129.0)
(TRUCK,19970926,64390.0)
(REG AIR,19930923,64149.0)
(SHIP,19940609,62047.0)
(MAIL,19930115,62408.0)
(19971203,122773.0)
(1,SHIP,19960301,63729.0)
(REG AIR,19941219,55441.0)
(2,TRUCK,19941120,169626.0)
(REG AIR,19961019,56161.0)
(2,AIR,19930309,122233.0)
(19950620,113584.0)
(1,RAIL,19960217,55801.0)
(1,RAIL,19940930,122713.0)
(19920425,630082.0)
(19931126,349461.0)
(2,19950509,124816.0)
(1,19930830,115206.0)
(1,AIR,19970715,59465.0)
(2,TRUCK,19920420,55501.0)
(1,19950504,301649.0)
(19940216,124275.0)
(1,MAIL,19920306,65651.0)
(2,SHIP,19940926,55681.0)
(FOB,19980123,61867.0)
(1,MAIL,19950501,59645.0)
(19920515,405683.0)
(SHIP,19970714,63369.0)
(FOB,19970926,62768.0)
(FOB,19971105,61086.0)
(2,AIR,19921228,56522.0)
(1,TRUCK,19970112,176411.0)
(1,TRUCK,19920630,63129.0)
(2,SHIP,19970419,59645.0)
(RAIL,19970819,117908.0)
(2,RAIL,19971108,62948.0)
(19960908,58984.0)
(TRUCK,19921119,117008.0)
(FOB,19951107,111243.0)
(REG AIR,19950822,298465.0)
(FOB,19980411,64930.0)
(2,19930817,125416.0)
(2,SHIP,19950826,62588.0)
(MAIL,19961012,61267.0)
(FOB,19940424,63189.0)
(1,REG AIR,19971006,64149.0)
(1,MAIL,19940412,65170.0)
(RAIL,19980421,122053.0)
(1,19971105,56762.0)
(1,RAIL,19980107,64149.0)
(2,19960517,56882.0)
(RAIL,19940704,61327.0)
(1,REG AIR,19920327,59525.0)
(2,REG AIR,19921224,63969.0)
(REG AIR,19950318,54960.0)
(19920920,321769.0)
(MAIL,19980408,186382.0)
(2,FOB,19961029,115507.0)
(REG AIR,19960524,60726.0)
(1,MAIL,19960311,65050.0)
(AIR,19951113,57543.0)
(2,AIR,19931119,59885.0)
(2,SHIP,19920603,58804.0)
(1,AIR,19920413,123915.0)
(REG AIR,19950624,62347.0)
(19980410,430848.0)
(AIR,19950222,121452.0)
(RAIL,19920102,58324.0)
(1,AIR,19960824,61627.0)
(2,SHIP,19930927,126497.0)
(2,SHIP,19920405,65831.0)
(2,FOB,19931130,115866.0)
(2,TRUCK,19961218,57183.0)
(2,TRUCK,19931031,60246.0)
(1,RAIL,19970216,115326.0)
(1,RAIL,19940525,64990.0)
(2,AIR,19930129,60486.0)
(2,FOB,19950607,65951.0)
(1,TRUCK,19920603,56462.0)
(19980401,122954.0)
(2,19920511,182959.0)
(2,AIR,19930228,62107.0)
(2,REG AIR,19940430,62708.0)
(REG AIR,19980207,59765.0)
(FOB,19980330,122834.0)
(2,FOB,19970821,65050.0)
(1,19920714,125777.0)
(1,19980330,497940.0)
(1,19920219,116887.0)
(1,RAIL,19960703,56642.0)
(19970529,229931.0)
(1,TRUCK,19970220,110401.0)
(2,19980416,116407.0)
(TRUCK,19950405,62828.0)
(19940603,371443.0)
(1,19920417,120131.0)
(2,TRUCK,19960813,61747.0)
(FOB,19950414,58624.0)
(2,REG AIR,19960131,55080.0)
(2,FOB,19980316,113884.0)
(1,FOB,19970213,54300.0)
(REG AIR,19930626,55020.0)
(REG AIR,19920429,62347.0)
(1,19950612,415593.0)
(SHIP,19940131,61507.0)
(1,AIR,19951013,124995.0)
(2,SHIP,19970806,64630.0)
(TRUCK,19960404,64810.0)
(2,MAIL,19930717,64810.0)
(2,19980128,120251.0)
(1,FOB,19980627,58744.0)
(2,19980704,60966.0)
(1,SHIP,19961102,123134.0)
(MAIL,19960617,64149.0)
(19940117,420099.0)
(2,TRUCK,19940419,63369.0)
(2,AIR,19921101,60486.0)
(1,SHIP,19921205,58204.0)
(AIR,19951023,119410.0)
(SHIP,19970804,119771.0)
(2,FOB,19960417,62408.0)
(1,19930317,240081.0)
(TRUCK,19961214,59585.0)
(1,SHIP,19920422,126678.0)
(REG AIR,19920906,55441.0)
(MAIL,19930412,60366.0)
(1,REG AIR,19931019,65711.0)
(1,FOB,19950729,117729.0)
(2,SHIP,19980102,62167.0)
(2,AIR,19951216,127518.0)
(2,FOB,19920411,65411.0)
(19931216,59585.0)
(2,RAIL,19950228,65711.0)
(2,REG AIR,19940520,56402.0)
(2,19960229,242304.0)
(1,REG AIR,19950504,59405.0)
(1,19960620,177974.0)
(FOB,19980402,58023.0)
(1,19961223,121452.0)
(1,AIR,19951031,110221.0)
(1,AIR,19960707,56882.0)
(2,MAIL,19941120,56822.0)
(2,SHIP,19950123,59585.0)
(1,19940901,305732.0)
(2,19920322,359673.0)
(1,19960918,59585.0)
(1,19971204,173169.0)
(RAIL,19960405,54840.0)
(2,RAIL,2.8039786E7)
(19970817,177493.0)
(1,REG AIR,19951107,55201.0)
(19950729,601136.0)
(19980131,246628.0)
(REG AIR,19971108,178875.0)
(2,TRUCK,19971109,59044.0)
(REG AIR,19970316,58023.0)
(MAIL,19951031,60006.0)
(1,AIR,19970526,59224.0)
(1,MAIL,19941123,122293.0)
(1,MAIL,19920603,187764.0)
(2,19920430,54360.0)
(2,19950617,231674.0)
(2,MAIL,19950508,54900.0)
(MAIL,19930421,56101.0)
(MAIL,19920710,117728.0)
(MAIL,19970517,303150.0)
(TRUCK,19970205,127278.0)
(AIR,19920801,56762.0)
(REG AIR,19950110,120312.0)
(1,19961025,120792.0)
(1,19960413,55741.0)
(2,FOB,19950724,64149.0)
(1,19940424,125356.0)
(1,MAIL,19930620,126557.0)
(19940711,56462.0)
(2,19970813,114244.0)
(19920218,540709.0)
(1,19950216,174911.0)
(1,SHIP,19980714,64990.0)
(2,19971209,179897.0)
(RAIL,19931119,169807.0)
(MAIL,19940727,65951.0)
(1,19940307,118569.0)
(AIR,19941222,65711.0)
(2,SHIP,19970824,64089.0)
(2,AIR,19940704,65471.0)
(AIR,19960816,57483.0)
(1,19940721,115086.0)
(2,19980407,454396.0)
(FOB,19920219,57003.0)
(RAIL,19961224,175932.0)
(AIR,19931205,55080.0)
(1,FOB,19951223,111902.0)
(SHIP,19931203,125536.0)
(2,19950112,114124.0)
(19951025,300026.0)
(2,SHIP,19950222,59164.0)
(FOB,19950522,120191.0)
(RAIL,19980502,64750.0)
(19960809,163560.0)
(2,19941202,65350.0)
(1,SHIP,19960112,57183.0)
(AIR,19970220,57783.0)
(1,SHIP,19930629,59945.0)
(SHIP,19950112,124394.0)
(REG AIR,19931003,60126.0)
(1,AIR,19940718,65591.0)
(FOB,19971204,62468.0)
(19960205,367541.0)
(AIR,19930927,65290.0)
(2,FOB,19951110,60306.0)
(2,TRUCK,19941229,63729.0)
(1,REG AIR,19920822,58264.0)
(TRUCK,19941117,58624.0)
(MAIL,19950609,59164.0)
(1,REG AIR,19960206,55261.0)
(MAIL,19920116,57483.0)
(2,19970417,182239.0)
(2,RAIL,19950110,63789.0)
(1,19940820,239361.0)
(MAIL,19950618,189986.0)
(2,19940519,65350.0)
(FOB,19970214,58023.0)
(TRUCK,19940118,54300.0)
(1,RAIL,19940101,55261.0)
(TRUCK,19920426,120131.0)
(2,REG AIR,19931115,123194.0)
(19920128,183620.0)
(REG AIR,19970712,57843.0)
(TRUCK,19951107,56041.0)
(SHIP,19951003,57003.0)
(RAIL,19941109,120071.0)
(RAIL,19961107,61807.0)
(1,AIR,19950717,120011.0)
(1,RAIL,19970225,57783.0)
(1,FOB,19960331,62948.0)
(1,REG AIR,19940901,64810.0)
(2,19931122,183379.0)
(FOB,19941027,60066.0)
(MAIL,19930331,63369.0)
(TRUCK,19960206,57603.0)
(REG AIR,19950813,65831.0)
(2,FOB,19950922,63309.0)
(2,MAIL,19930113,60906.0)
(1,AIR,19960103,60126.0)
(AIR,19920919,59885.0)
(2,19950211,57903.0)
(REG AIR,19920627,56702.0)
(REG AIR,19930824,61327.0)
(19931018,57303.0)
(2,19920818,55681.0)
(2,19951102,188004.0)
(FOB,19970115,65771.0)
(19980311,352465.0)
(REG AIR,19970127,130881.0)
(1,19920921,183860.0)
(2,MAIL,19950724,54660.0)
(1,TRUCK,19950123,64810.0)
(RAIL,19941217,116707.0)
(MAIL,19941212,64930.0)
(2,TRUCK,19921203,63489.0)
(2,19961219,245306.0)
(2,FOB,19921203,65471.0)
(2,RAIL,19930923,117307.0)
(19960629,430967.0)
(RAIL,19920508,54720.0)
(2,SHIP,19960816,116167.0)
(2,RAIL,19920320,64210.0)
(2,MAIL,19950607,60786.0)
(REG AIR,19920708,65170.0)
(SHIP,19970110,58864.0)
(2,19930303,428025.0)
(2,TRUCK,19980721,114064.0)
(2,REG AIR,19970716,55501.0)
(2,AIR,19930408,64330.0)
(RAIL,19920409,56762.0)
(1,19930920,300567.0)
(2,MAIL,19940716,64570.0)
(1,AIR,19960914,64089.0)
(1,19980303,247108.0)
(1,AIR,19930223,117128.0)
(19920821,541130.0)
(2,SHIP,19940313,60726.0)
(2,TRUCK,19960705,65230.0)
(2,MAIL,19931031,60426.0)
(2,FOB,19960822,60966.0)
(REG AIR,19960506,116948.0)
(1,19950207,117308.0)
(2,TRUCK,19920114,56702.0)
(1,REG AIR,19960224,64990.0)
(1,SHIP,19970616,63369.0)
(2,AIR,19951207,126737.0)
(MAIL,19920927,123554.0)
(1,FOB,19931126,55080.0)
(MAIL,19950825,64570.0)
(1,19961205,127698.0)
(2,19971218,63549.0)
(2,MAIL,19970614,55621.0)
(1,TRUCK,19940430,122833.0)
(1,FOB,19960106,58744.0)
(TRUCK,19920921,60906.0)
(19970501,127879.0)
(19930325,572185.0)
(19961222,110341.0)
(1,RAIL,19921012,61507.0)
(1,19980402,118929.0)
(1,SHIP,19940727,58504.0)
(2,TRUCK,19930221,187223.0)
(AIR,19971021,62287.0)
(19920713,489291.0)
(REG AIR,19920528,118448.0)
(MAIL,19930313,56221.0)
(FOB,19971114,119950.0)
(2,REG AIR,19931124,188364.0)
(2,AIR,19930723,56221.0)
(19970123,59825.0)
(1,MAIL,19950105,59645.0)
(REG AIR,19940319,61867.0)
(1,19950810,120492.0)
(19921226,120191.0)
(2,19931221,299186.0)
(1,19920426,470672.0)
(RAIL,19950901,232635.0)
(1,SHIP,19930106,118149.0)
(MAIL,19941005,57963.0)
(1,MAIL,19971120,54300.0)
(REG AIR,19930608,115626.0)
(2,FOB,19930618,124816.0)
(1,SHIP,19970706,55020.0)
(FOB,19930821,54120.0)
(TRUCK,19940316,60366.0)
(RAIL,19951216,58324.0)
(1,REG AIR,19940514,115206.0)
(1,FOB,19930109,61387.0)
(TRUCK,19960125,63189.0)
(MAIL,19940321,64510.0)
(2,RAIL,19940706,123193.0)
(2,REG AIR,19930116,59825.0)
(2,MAIL,19930726,64450.0)
(19970907,63249.0)
(2,SHIP,19970518,59405.0)
(2,FOB,19980505,123194.0)
(2,19940609,179656.0)
(2,TRUCK,19970803,63669.0)
(1,TRUCK,19930404,62347.0)
(1,MAIL,19960906,119591.0)
(2,19921006,185721.0)
(1,AIR,19920819,60966.0)
(MAIL,19941113,171668.0)
(2,AIR,19950325,61567.0)
(2,MAIL,19920501,120852.0)
(1,FOB,19940513,62167.0)
(TRUCK,19930920,124695.0)
(2,SHIP,19960609,64390.0)
(SHIP,19930312,61867.0)
(REG AIR,19970424,55981.0)
(2,19950707,114906.0)
(1,19950513,297083.0)
(2,19930420,121032.0)
(SHIP,19961101,62347.0)
(1,19980727,60726.0)
(TRUCK,19980312,63969.0)
(2,REG AIR,19970617,121632.0)
(1,AIR,19941221,62828.0)
(2,19980515,351143.0)
(19960827,117249.0)
(1,19950711,120431.0)
(RAIL,19950325,60006.0)
(1,RAIL,19950407,59164.0)
(SHIP,19960229,187824.0)
(MAIL,19921025,57903.0)
(TRUCK,19961223,55861.0)
(2,19960328,124215.0)
(1,AIR,19980525,58384.0)
(SHIP,19940627,63849.0)
(1,SHIP,19970111,66012.0)
(1,RAIL,19961009,56462.0)
(TRUCK,19960305,64210.0)
(2,AIR,19940623,61327.0)
(2,AIR,19960630,59224.0)
(1,FOB,19940405,60666.0)
(1,19970926,182239.0)
(MAIL,19961102,58744.0)
(2,AIR,19920111,54540.0)
(1,AIR,19950726,112143.0)
(1,SHIP,19950519,123314.0)
(TRUCK,19970223,57603.0)
(2,19920601,370061.0)
(2,REG AIR,19920801,56522.0)
(TRUCK,19980114,65771.0)
(TRUCK,19980123,59405.0)
(SHIP,19971218,63549.0)
(2,RAIL,19940418,128179.0)
(19940621,247889.0)
(1,19951125,128359.0)
(2,MAIL,19980523,60726.0)
(2,REG AIR,19931205,62768.0)
(RAIL,19960829,60006.0)
(1,MAIL,19920621,60486.0)
(REG AIR,19960731,62768.0)
(1,FOB,19930929,62828.0)
(2,SHIP,19970617,58083.0)
(RAIL,19970729,64089.0)
(1,SHIP,19950104,57843.0)
(TRUCK,19950414,63549.0)
(2,19950310,64750.0)
(1,19931019,65711.0)
(1,MAIL,19940926,60366.0)
(AIR,19951005,116887.0)
(2,19971010,229390.0)
(2,19920827,126256.0)
(MAIL,19980624,58143.0)
(19950602,111783.0)
(2,RAIL,19950507,62408.0)
(AIR,19940926,186382.0)
(RAIL,19931010,118570.0)
(2,MAIL,19980703,57423.0)
(2,19970426,253475.0)
(1,AIR,19970111,58324.0)
(19980113,370542.0)
(2,19970930,57903.0)
(19930820,237919.0)
(SHIP,19941211,122834.0)
(1,19940514,292400.0)
(2,RAIL,19920528,60906.0)
(1,RAIL,19940831,60546.0)
(MAIL,19950302,175212.0)
(19961105,55621.0)
(SHIP,19940717,57603.0)
(REG AIR,19920726,58083.0)
(1,MAIL,19950529,60906.0)
(2,FOB,19930302,57423.0)
(2,RAIL,19951010,129200.0)
(AIR,19920207,55861.0)
(2,19960210,296182.0)
(AIR,19970824,185660.0)
(19960601,62047.0)
(2,19941211,484005.0)
(1,SHIP,19961120,59465.0)
(REG AIR,19930329,64810.0)
(AIR,19970112,58083.0)
(2,REG AIR,19961121,56221.0)
(19980528,303871.0)
(MAIL,19930809,58023.0)
(MAIL,19920305,64690.0)
(1,REG AIR,19960314,112563.0)
(1,REG AIR,19960107,112924.0)
(1,REG AIR,19980420,64870.0)
(19940306,538848.0)
(RAIL,19930507,112743.0)
(SHIP,19980515,119290.0)
(SHIP,19921024,120732.0)
(2,MAIL,19961218,55381.0)
(19930929,350243.0)
(FOB,19920921,58924.0)
(1,REG AIR,19931226,110461.0)
(2,FOB,19980208,55501.0)
(2,REG AIR,2.532039E7)
(19930514,357149.0)
(1,19961214,187764.0)
(MAIL,19960301,64690.0)
(1,RAIL,19930526,117248.0)
(1,FOB,19931027,63849.0)
(1,SHIP,19970526,60726.0)
(SHIP,19950716,64210.0)
(1,AIR,19931231,56522.0)
(RAIL,19930408,62528.0)
(19921217,229871.0)
(2,RAIL,19941129,63369.0)
(19930217,298645.0)
(2,TRUCK,19970515,118389.0)
(2,RAIL,19960407,54840.0)
(AIR,19930611,54120.0)
(1,AIR,19970517,113164.0)
(REG AIR,19931210,121212.0)
(2,AIR,19980205,60966.0)
(19970105,114486.0)
(AIR,19971120,59765.0)
(2,REG AIR,19970121,62888.0)
(1,FOB,19931225,54540.0)
(MAIL,19920918,56942.0)
(2,RAIL,19980531,64930.0)
(TRUCK,19950504,54600.0)
(1,TRUCK,19950709,61086.0)
(1,MAIL,19960429,56462.0)
(2,RAIL,19930617,56582.0)
(AIR,19950808,58744.0)
(AIR,19920621,58384.0)
(2,MAIL,19941030,59825.0)
(2,19930321,59525.0)
(19931225,237499.0)
(2,TRUCK,19970524,54060.0)
(19940108,416854.0)
(2,RAIL,19940409,64690.0)
(1,REG AIR,19971213,121872.0)
(2,REG AIR,19950123,62408.0)
(MAIL,19940420,57603.0)
(2,RAIL,19931210,64029.0)
(TRUCK,19961007,59765.0)
(19971023,120731.0)
(1,RAIL,19920914,64990.0)
(1,RAIL,19930904,114486.0)
(RAIL,19980322,56702.0)
(2,AIR,19950802,130941.0)
(AIR,19970527,118269.0)
(19940630,968496.0)
(2,REG AIR,19950222,65531.0)
(2,19951201,122773.0)
(19920416,475539.0)
(2,AIR,19960126,66012.0)
(RAIL,19960126,60306.0)
(1,REG AIR,19930317,65050.0)
(1,19941126,116107.0)
(1,TRUCK,19950501,240081.0)
(1,AIR,19970328,65290.0)
(2,19980425,123253.0)
(1,REG AIR,19980619,55201.0)
(2,19950518,124935.0)
(MAIL,19940510,58083.0)
(2,TRUCK,19960804,62047.0)
(19960403,175272.0)
(2,19950716,493915.0)
(MAIL,19920215,54540.0)
(TRUCK,19951125,64990.0)
(1,MAIL,19930305,62888.0)
(RAIL,19920319,112443.0)
(MAIL,19920620,63849.0)
(2,19970516,238881.0)
(RAIL,19921228,60066.0)
(1,RAIL,19921003,59585.0)
(AIR,19940520,125837.0)
(19950530,189084.0)
(AIR,19920405,59885.0)
(1,RAIL,19920419,64029.0)
(AIR,19970103,61327.0)
(1,AIR,19961102,58324.0)
(AIR,19921008,124035.0)
(1,19950919,123614.0)
(AIR,19970806,57123.0)
(MAIL,19970706,115446.0)
(2,FOB,19921104,57723.0)
(1,TRUCK,19970824,117729.0)
(TRUCK,19950919,61327.0)
(AIR,19920630,60066.0)
(1,TRUCK,19970509,57783.0)
(2,19920304,184521.0)
(REG AIR,19940120,59164.0)
(REG AIR,19980108,57183.0)
(1,RAIL,19980305,124935.0)
(REG AIR,19980720,120971.0)
(1,FOB,19920821,62948.0)
(2,SHIP,19960915,61747.0)
(1,MAIL,19960618,64630.0)
(1,REG AIR,19940820,58143.0)
(AIR,19940412,63729.0)
(1,FOB,19920416,56762.0)
(19971230,370302.0)
(2,FOB,19940914,55921.0)
(19960106,1097813.0)
(1,REG AIR,19970106,59945.0)
(2,TRUCK,19960309,62347.0)
(AIR,5.2100148E7)
(1,RAIL,19950515,59885.0)
(2,FOB,19980424,58984.0)
(1,SHIP,19960914,59405.0)
(2,FOB,19961001,58204.0)
(1,19931226,349341.0)
(1,TRUCK,19930602,60966.0)
(1,TRUCK,19960717,58684.0)
(1,19921128,61807.0)
(2,REG AIR,19950411,55801.0)
(2,SHIP,19951203,54720.0)
(REG AIR,19980531,187643.0)
(1,TRUCK,19921008,55681.0)
(RAIL,19971223,54600.0)
(2,MAIL,19980226,63549.0)
(SHIP,19921015,125537.0)
(TRUCK,19951008,60726.0)
(TRUCK,19980303,59705.0)
(1,SHIP,19970517,61807.0)
(1,19951107,398658.0)
(RAIL,19940920,126076.0)
(2,REG AIR,19971012,114245.0)
(2,AIR,19940614,61207.0)
(2,FOB,19940202,61327.0)
(2,19930529,122893.0)
(FOB,19940514,63669.0)
(19970213,359913.0)
(FOB,19980114,62828.0)
(2,TRUCK,19950913,124215.0)
(1,19930731,64029.0)
(2,TRUCK,19980208,63009.0)
(REG AIR,19980513,64450.0)
(1,19951008,117969.0)
(SHIP,19920322,65771.0)
(SHIP,19961002,62287.0)
(SHIP,19960616,122053.0)
(2,AIR,19950208,57183.0)
(1,19960125,121633.0)
(TRUCK,19960620,124515.0)
(1,19920327,244947.0)
(2,TRUCK,19980406,58864.0)
(19940405,309636.0)
(1,TRUCK,19940520,119530.0)
(TRUCK,19950513,180317.0)
(REG AIR,19940418,62948.0)
(TRUCK,19940721,60126.0)
(MAIL,19950924,64510.0)
(RAIL,19950802,119831.0)
(RAIL,19980205,60126.0)
(1,RAIL,19960622,64690.0)
(2,SHIP,19930404,62948.0)
(1,TRUCK,19920513,59405.0)
(1,19980709,63669.0)
(1,RAIL,19970108,60906.0)
(19930127,237439.0)
(19980717,367719.0)
(2,SHIP,19970716,65831.0)
(FOB,19970728,243746.0)
(2,RAIL,19970424,55801.0)
(1,SHIP,19931222,58624.0)
(1,MAIL,19971030,65891.0)
(1,SHIP,19930223,65891.0)
(2,AIR,19971115,56221.0)
(2,AIR,19940731,56702.0)
(2,19960111,58204.0)
(MAIL,19961120,184820.0)
(AIR,19940827,54120.0)
(2,RAIL,19940508,184281.0)
(2,AIR,19980421,58083.0)
(1,19940316,117429.0)
(AIR,19930521,122773.0)
(MAIL,19930629,118329.0)
(AIR,19920315,239901.0)
(19920317,379852.0)
(2,AIR,19941217,114725.0)
(2,19930907,182118.0)
(1,FOB,19970529,61207.0)
(1,RAIL,19940408,56702.0)
(SHIP,19921204,59765.0)
(2,19941121,237498.0)
(2,AIR,19961224,59765.0)
(FOB,19940307,62708.0)
(19950224,788837.0)
(1,MAIL,19950411,64750.0)
(1,RAIL,19970603,54540.0)
(19961114,355528.0)
(1,RAIL,19970928,54540.0)
(2,AIR,19931227,117608.0)
(19960917,412350.0)
(2,FOB,19920213,61747.0)
(2,FOB,19950715,54240.0)
(2,19940906,236538.0)
(1,19921119,354265.0)
(1,19940109,303870.0)
(1,19980411,126317.0)
(2,19960319,177733.0)
(1,FOB,19961114,57483.0)
(AIR,19931124,177614.0)
(RAIL,19960504,117428.0)
(MAIL,19970319,177494.0)
(1,RAIL,19920130,64810.0)
(1,19930506,120731.0)
(TRUCK,19931208,127819.0)
(SHIP,19930303,54300.0)
(AIR,19971111,54480.0)
(1,19920101,63669.0)
(2,FOB,19980721,64810.0)
(2,RAIL,19930824,55321.0)
(2,19921024,122353.0)
(2,MAIL,19940617,62648.0)
(2,TRUCK,19930104,63729.0)
(1,RAIL,19970306,62948.0)
(1,MAIL,19970419,58924.0)
(1,REG AIR,19971231,63669.0)
(2,19970912,181277.0)
(1,AIR,19930106,58504.0)
(1,19921029,55020.0)
(2,FOB,19931022,190227.0)
(FOB,19980501,122953.0)
(1,RAIL,19970621,62287.0)
(2,AIR,19970819,55801.0)
(1,AIR,19940826,63729.0)
(FOB,19980619,55020.0)
(1,AIR,19950924,62648.0)
(1,19950720,240742.0)
(FOB,19930920,121993.0)
(TRUCK,19961106,58744.0)
(1,19930227,122353.0)
(2,REG AIR,19950501,54420.0)
(2,19950923,252935.0)
(19950503,344897.0)
(RAIL,19950208,113104.0)
(1,19920822,169506.0)
(SHIP,19940519,64690.0)
(1,FOB,19920506,56161.0)
(FOB,19950207,55561.0)
(RAIL,19941019,123074.0)
(1,19971114,113584.0)
(19940414,177974.0)
(MAIL,19940105,60006.0)
(1,SHIP,19920927,64870.0)
(REG AIR,19960803,126017.0)
(REG AIR,19921022,59104.0)
(1,19970223,54420.0)
(SHIP,19970417,62468.0)
(1,SHIP,19970120,54900.0)
(2,AIR,19980124,62287.0)
(2,AIR,19940506,62948.0)
(1,REG AIR,19940109,59224.0)
(FOB,19960314,121392.0)
(2,TRUCK,19961128,54420.0)
(AIR,19920603,233595.0)
(1,19950108,61747.0)
(RAIL,19971214,62708.0)
(RAIL,19960207,65651.0)
(1,MAIL,19920405,62528.0)
(1,19970106,179535.0)
(1,TRUCK,19920829,65411.0)
(1,RAIL,19921111,61327.0)
(FOB,19921029,55020.0)
(1,19931109,234135.0)
(FOB,19960918,62347.0)
(1,SHIP,19930430,62588.0)
(2,FOB,19930726,63609.0)
(1,TRUCK,19931205,125116.0)
(FOB,19930317,118449.0)
(1,TRUCK,19931124,61747.0)
(1,19961106,58744.0)
(2,19931203,240862.0)
(1,19970728,305914.0)
(REG AIR,19930905,56161.0)
(19980221,64270.0)
(RAIL,19930903,61747.0)
(2,RAIL,19970712,62047.0)
(2,19930123,192568.0)
(RAIL,19940209,126017.0)
(1,SHIP,19930421,119710.0)
(19940810,350964.0)
(TRUCK,19940307,55861.0)
(1,19961016,61327.0)
(AIR,19971012,63309.0)
(1,SHIP,19920503,59224.0)
(1,REG AIR,19980303,184881.0)
(19960214,305192.0)
(19980627,186262.0)
(REG AIR,19930130,120310.0)
(TRUCK,19940523,56882.0)
(SHIP,19940906,61807.0)
(SHIP,19970101,60246.0)
(19950323,294743.0)
(1,REG AIR,19960422,112744.0)
(2,TRUCK,19920222,63189.0)
(1,FOB,19920425,65771.0)
(1,MAIL,19950222,182719.0)
(FOB,19960620,55201.0)
(RAIL,19950910,63669.0)
(2,FOB,19960228,57423.0)
(TRUCK,19971204,55741.0)
(TRUCK,19920101,63669.0)
(2,FOB,19930131,65350.0)
(2,19980506,305972.0)
(1,19970115,117969.0)
(1,TRUCK,19980120,112744.0)
(1,TRUCK,19960915,56582.0)
(1,MAIL,19971012,54240.0)
(1,SHIP,19930818,57783.0)
(1,19960512,296604.0)
(19950116,174131.0)
(1,19960404,185000.0)
(2,TRUCK,19980424,56341.0)
(1,RAIL,19970414,61627.0)
(1,REG AIR,19941126,57603.0)
(2,SHIP,19960627,54900.0)
(2,FOB,19941120,125115.0)
(19950413,184821.0)
(REG AIR,19961226,59585.0)
(1,FOB,19921217,57963.0)
(2,19940717,234374.0)
(MAIL,19980318,121272.0)
(2,RAIL,19960317,121391.0)
(TRUCK,19970412,62888.0)
(2,1.78976697E8)
(2,AIR,19951108,61507.0)
(AIR,19921224,60966.0)
(REG AIR,19970217,184340.0)
(SHIP,19941121,54960.0)
(RAIL,19951108,124094.0)
(1,SHIP,19930115,62107.0)
(REG AIR,19920618,125957.0)
(1,19941027,124756.0)
(MAIL,19930223,63549.0)
(REG AIR,19940427,127698.0)
(1,AIR,19951130,64089.0)
(RAIL,19921110,115506.0)
(FOB,19960107,60966.0)
(SHIP,19980416,61987.0)
(2,SHIP,19920324,65471.0)
(2,TRUCK,19931202,60246.0)
(REG AIR,19970109,54540.0)
(FOB,19921010,54960.0)
(2,TRUCK,19980703,63669.0)
(2,TRUCK,19920501,56942.0)
(REG AIR,19920221,59344.0)
(2,19970804,241523.0)
(2,SHIP,19940430,56462.0)
(19950909,484849.0)
(1,REG AIR,19970205,63729.0)
(2,19920917,252874.0)
(19970321,117427.0)
(SHIP,19960814,63009.0)
(1,TRUCK,19940601,62708.0)
(19941215,614889.0)
(AIR,19930116,60606.0)
(2,19921015,55681.0)
(2,19970309,347961.0)
(1,AIR,19980408,63789.0)
(REG AIR,19970514,125897.0)
(MAIL,19960914,175271.0)
(2,19951120,64990.0)
(TRUCK,19940505,63669.0)
(1,19941117,240622.0)
(MAIL,19970210,56161.0)
(FOB,19930731,64510.0)
(19970411,369582.0)
(TRUCK,19971105,56762.0)
(RAIL,19930129,121753.0)
(SHIP,19971209,118990.0)
(2,TRUCK,19961029,54060.0)
(2,MAIL,19920303,123974.0)
(FOB,19940929,58744.0)
(MAIL,19980507,122533.0)
(1,19970205,430307.0)
(2,REG AIR,19930530,61026.0)
(1,FOB,19950224,59885.0)
(1,AIR,19920710,57123.0)
(RAIL,19940407,113584.0)
(1,MAIL,19930611,54720.0)
(1,19940523,60186.0)
(2,REG AIR,19920405,63729.0)
(1,19940929,246147.0)
(REG AIR,19931229,59284.0)
