(FOB,19930331,60786.0)
(AIR,19950318,180015.0)
(1,SHIP,19941001,62468.0)
(TRUCK,19961102,55501.0)
(RAIL,19940412,54600.0)
(1,RAIL,19980707,59104.0)
(MAIL,19921120,58324.0)
(2,19921219,57483.0)
(TRUCK,19960815,63849.0)
(1,REG AIR,19951130,115206.0)
(TRUCK,19980624,120671.0)
(TRUCK,19950618,61207.0)
(1,TRUCK,19970217,59705.0)
(19980227,430066.0)
(2,RAIL,19961213,181878.0)
(FOB,19930629,63729.0)
(TRUCK,19920404,65050.0)
(2,MAIL,19950612,117669.0)
(19960814,177854.0)
(2,TRUCK,19961007,59765.0)
(2,FOB,19930731,64510.0)
(REG AIR,19941206,57063.0)
(1,RAIL,19980626,63909.0)
(MAIL,19960910,64630.0)
(1,19930926,174611.0)
(TRUCK,19950302,126257.0)
(TRUCK,19921007,122893.0)
(2,19950820,113705.0)
(SHIP,19921002,57903.0)
(RAIL,19930620,117368.0)
(TRUCK,19970715,62468.0)
(2,19930723,118568.0)
(TRUCK,19961120,189145.0)
(1,19930511,353366.0)
(2,19950901,110281.0)
(1,FOB,19970804,58504.0)
(1,SHIP,19940930,59765.0)
(2,TRUCK,19980303,59705.0)
(TRUCK,19960707,176893.0)
(1,MAIL,19961028,56161.0)
(SHIP,19931029,63849.0)
(MAIL,19921030,130701.0)
(2,REG AIR,19970316,58023.0)
(19921006,250591.0)
(2,19930309,357871.0)
(RAIL,19940827,55741.0)
(1,AIR,19921229,116647.0)
(REG AIR,19960106,110641.0)
(1,19980723,376488.0)
(2,19970215,121873.0)
(2,TRUCK,19970926,64390.0)
(1,FOB,19950617,123014.0)
(1,RAIL,19961104,65411.0)
(2,19920805,430607.0)
(19970228,186202.0)
(1,19940312,116167.0)
(MAIL,19930814,120011.0)
(FOB,19980228,187703.0)
(1,19931231,227650.0)
(1,AIR,19970423,61086.0)
(RAIL,19960906,170526.0)
(1,19920620,58384.0)
(2,19941208,123975.0)
(2,19951216,250652.0)
(1,19931114,182479.0)
(2,19980502,174731.0)
(TRUCK,19941005,181578.0)
(1,REG AIR,19961210,61987.0)
(TRUCK,19980129,65290.0)
(RAIL,19961112,192148.0)
(2,SHIP,19960803,182898.0)
(2,SHIP,19970316,65170.0)
(AIR,19920528,129199.0)
(2,SHIP,19961226,56642.0)
(1,19960707,528756.0)
(1,SHIP,19940408,61927.0)
(2,REG AIR,19971108,55981.0)
(1,RAIL,19980518,58864.0)
(FOB,19970814,57363.0)
(1,RAIL,19920307,55441.0)
(MAIL,19931110,56221.0)
(1,19930304,171428.0)
(FOB,19970526,177494.0)
(1,RAIL,19930117,63849.0)
(2,TRUCK,19930920,63549.0)
(2,SHIP,19950822,175571.0)
(2,19960315,60786.0)
(AIR,19930617,65411.0)
(AIR,19961019,62588.0)
(REG AIR,19920515,61927.0)
(1,19940321,118570.0)
(1,REG AIR,19960815,56822.0)
(FOB,19941203,57063.0)
(1,FOB,19930808,64330.0)
(2,MAIL,19960305,65951.0)
(19930312,305912.0)
(2,19971115,56221.0)
(1,TRUCK,19930428,57063.0)
(2,19921002,234316.0)
(1,AIR,19921021,61086.0)
(REG AIR,19921028,63009.0)
(TRUCK,19970210,121692.0)
(1,FOB,19931122,54240.0)
(19930925,407485.0)
(AIR,19941129,238700.0)
(2,MAIL,19930317,58504.0)
(1,SHIP,19980521,64270.0)
(TRUCK,19950717,54480.0)
(2,TRUCK,19931208,127819.0)
(1,19930412,241643.0)
(FOB,19950519,64089.0)
(19930808,185843.0)
(FOB,19941212,62528.0)
(2,SHIP,19950327,63729.0)
(1,TRUCK,19960920,54780.0)
(AIR,19961028,120551.0)
(2,MAIL,19960224,59164.0)
(2,RAIL,19971212,59705.0)
(1,MAIL,19920906,58684.0)
(1,RAIL,19970221,65531.0)
(TRUCK,19940213,63309.0)
(MAIL,19941001,115025.0)
(19920818,118690.0)
(AIR,19920906,63249.0)
(FOB,19951031,116887.0)
(2,REG AIR,19960317,59525.0)
(19931014,523472.0)
(1,AIR,19920914,63489.0)
(1,19941221,249391.0)
(1,SHIP,19930102,64810.0)
(1,MAIL,19960920,61086.0)
(1,FOB,19920917,116588.0)
(2,RAIL,19960322,54720.0)
(2,19920210,60786.0)
(REG AIR,19980401,58384.0)
(RAIL,19920207,59344.0)
(SHIP,19920913,121392.0)
(1,REG AIR,19920422,127158.0)
(AIR,19940625,56281.0)
(2,19920111,294321.0)
(1,19951013,181577.0)
(SHIP,19930417,54360.0)
(MAIL,19940705,55321.0)
(1,REG AIR,19940321,54060.0)
(1,19930331,60786.0)
(REG AIR,19930820,56161.0)
(2,FOB,19941126,63969.0)
(2,MAIL,19950919,61987.0)
(FOB,19920422,58444.0)
(AIR,19980720,180376.0)
(19941121,237498.0)
(SHIP,19971115,60426.0)
(2,AIR,19940520,125837.0)
(1,REG AIR,19920521,55201.0)
(RAIL,19920324,59765.0)
(1,RAIL,19920730,65531.0)
(2,19950721,234436.0)
(RAIL,19930530,55801.0)
(REG AIR,19941215,180377.0)
(1,19950320,125236.0)
(1,RAIL,19960420,64870.0)
(AIR,19940517,64450.0)
(2,19940506,308915.0)
(2,FOB,19940109,120912.0)
(19921204,182058.0)
(2,SHIP,19970811,59465.0)
(1,19960310,65771.0)
(1,AIR,19930120,125476.0)
(2,MAIL,19950810,56281.0)
(2,19930228,303330.0)
(RAIL,19930116,122292.0)
(2,SHIP,19980531,62948.0)
(1,19941203,120852.0)
(1,RAIL,19960925,64029.0)
(1,RAIL,19930810,65230.0)
(1,19950825,168724.0)
(2,REG AIR,19920618,65411.0)
(SHIP,19950208,64630.0)
(2,19950415,126738.0)
(RAIL,19930602,57423.0)
(1,TRUCK,19971126,63789.0)
(2,19961116,124575.0)
(2,RAIL,19920506,63969.0)
(19970426,603117.0)
(2,MAIL,19960620,62347.0)
(REG AIR,19950530,65771.0)
(MAIL,19980107,242603.0)
(1,RAIL,19930126,58684.0)
(2,REG AIR,19980621,182538.0)
(FOB,19960824,64630.0)
(2,REG AIR,19950822,117609.0)
(TRUCK,19931231,244106.0)
(1,AIR,19970720,63849.0)
(2,MAIL,19971204,62107.0)
(REG AIR,19971023,65711.0)
(2,19931227,298465.0)
(19940519,186982.0)
(2,RAIL,19920713,59705.0)
(19931221,542870.0)
(2,RAIL,19921217,57963.0)
(SHIP,19930228,120071.0)
(2,TRUCK,19940514,56221.0)
(19930817,421599.0)
(2,19941217,351142.0)
(MAIL,19970423,65591.0)
(19970516,362676.0)
(1,REG AIR,19961012,61267.0)
(2,RAIL,19920416,61207.0)
(2,REG AIR,19931210,59405.0)
(FOB,19950302,189204.0)
(2,RAIL,19930127,114786.0)
(MAIL,19950704,62468.0)
(MAIL,19920608,64029.0)
(AIR,19960731,60366.0)
(2,MAIL,19950216,129440.0)
(19980515,778807.0)
(TRUCK,19930313,60546.0)
(2,19970620,116227.0)
(1,19940925,299005.0)
(1,SHIP,19960208,115987.0)
(1,TRUCK,2.6964733E7)
(MAIL,19930526,59525.0)
(1,TRUCK,19970307,62648.0)
(2,RAIL,19950503,54600.0)
(AIR,19950930,123073.0)
(MAIL,19930904,59405.0)
(2,SHIP,19920429,64450.0)
(FOB,19980723,360633.0)
(1,AIR,19980206,124515.0)
(REG AIR,19930514,56041.0)
(RAIL,19950529,57783.0)
(FOB,19941221,117848.0)
(RAIL,19970112,56882.0)
(1,TRUCK,19980513,60606.0)
(2,SHIP,19940427,57243.0)
(2,19920102,119651.0)
(1,REG AIR,19920828,66012.0)
(TRUCK,19970526,177013.0)
(2,19941019,420035.0)
(AIR,19930310,119951.0)
(1,RAIL,19970401,63849.0)
(2,REG AIR,19961028,62828.0)
(MAIL,19961117,65471.0)
(SHIP,19960405,116707.0)
(RAIL,19920919,118209.0)
(SHIP,19950109,54480.0)
(RAIL,19950105,59104.0)
(1,19921007,178574.0)
(AIR,19970514,63129.0)
(19930529,187643.0)
(FOB,19940529,64690.0)
(2,SHIP,19970127,63789.0)
(2,MAIL,19940109,58504.0)
(1,FOB,19941211,115145.0)
(MAIL,19980314,60426.0)
(2,TRUCK,19970223,57603.0)
(1,19961210,181877.0)
(REG AIR,19961006,58324.0)
(MAIL,19940822,61867.0)
(MAIL,19930120,62888.0)
(1,RAIL,19950502,64149.0)
(19920430,233715.0)
(FOB,19960815,120191.0)
(SHIP,19920805,181277.0)
(1,RAIL,19920712,64450.0)
(2,19920229,247588.0)
(19961002,245606.0)
(2,FOB,19960620,55201.0)
(19940906,297985.0)
(SHIP,19930525,120911.0)
(1,REG AIR,19931114,59104.0)
(19920917,483106.0)
(1,FOB,19960418,64510.0)
(MAIL,19971125,57903.0)
(2,RAIL,19940306,56942.0)
(2,19930110,113584.0)
(2,19940902,169807.0)
(2,TRUCK,19961214,59585.0)
(2,19951018,125476.0)
(RAIL,5.3048492E7)
(AIR,19940904,64990.0)
(19960616,241343.0)
(AIR,19960713,122533.0)
(2,19930714,59344.0)
(FOB,19961210,65831.0)
(MAIL,19920824,59885.0)
(AIR,19970316,63429.0)
(2,19950316,188364.0)
(1,19921205,171487.0)
(19970804,603718.0)
(1,SHIP,19920419,61747.0)
(RAIL,19970707,63849.0)
(19951021,375467.0)
(1,MAIL,19960830,63249.0)
(AIR,19920320,183801.0)
(AIR,19950912,116707.0)
(2,TRUCK,19940118,54300.0)
(19950707,338651.0)
(1,TRUCK,19930310,60546.0)
(1,TRUCK,19930617,123854.0)
(2,FOB,19921010,54960.0)
(1,SHIP,19950821,63129.0)
(2,19940704,122714.0)
(1,19970210,119530.0)
(SHIP,19960126,57603.0)
(1,TRUCK,19930130,188485.0)
(RAIL,19971012,56942.0)
(2,19971214,59344.0)
(TRUCK,19960310,54780.0)
(1,19950302,364717.0)
(2,RAIL,19940405,65591.0)
(SHIP,19951207,55201.0)
(1,TRUCK,19920113,61747.0)
(2,MAIL,19920921,55201.0)
(2,19980322,118630.0)
(REG AIR,19960908,58984.0)
(1,19970319,116768.0)
(19961101,62347.0)
(2,FOB,19970728,124636.0)
(1,19951130,179295.0)
(2,19920328,122773.0)
(19980425,187523.0)
(SHIP,19921219,57303.0)
(MAIL,19970216,65771.0)
(2,AIR,19920405,59885.0)
(2,19940623,117488.0)
(2,TRUCK,19961025,57783.0)
(2,TRUCK,19950504,54600.0)
(FOB,19960527,186683.0)
(2,AIR,19940430,61987.0)
(RAIL,19950916,57303.0)
(RAIL,19960429,61927.0)
(2,TRUCK,19930227,122353.0)
(SHIP,19930822,62227.0)
(1,AIR,19950821,64270.0)
(TRUCK,19920819,65170.0)
(2,AIR,19930413,63789.0)
(1,SHIP,19970225,62167.0)
(2,SHIP,19980216,122293.0)
(19951120,126677.0)
(2,MAIL,19961214,60486.0)
(2,AIR,19930116,60606.0)
(19950112,299604.0)
(AIR,19920429,63729.0)
(RAIL,19941024,63129.0)
(FOB,19930412,122293.0)
(1,19950221,59705.0)
(FOB,19940510,118209.0)
(TRUCK,19940123,62828.0)
(1,TRUCK,19950507,124395.0)
(REG AIR,19971203,60666.0)
(1,19940727,185361.0)
(19940609,411089.0)
(SHIP,19960207,65531.0)
(2,FOB,19920219,57003.0)
(1,AIR,19940408,62287.0)
(2,19960504,123314.0)
(2,MAIL,19940118,63249.0)
(SHIP,19920328,60906.0)
(19971218,120191.0)
(1,19960121,64270.0)
(1,TRUCK,19920519,65350.0)
(MAIL,19940101,58744.0)
(2,FOB,19970926,62768.0)
(1,19930313,181037.0)
(2,REG AIR,19950110,57003.0)
(1,TRUCK,19960812,63969.0)
(MAIL,19971026,63429.0)
(MAIL,19921003,57423.0)
(MAIL,19921111,62888.0)
(SHIP,19920210,60786.0)
(1,MAIL,19920609,65471.0)
(2,19950226,59825.0)
(19930303,902603.0)
(RAIL,19980418,123914.0)
(2,19980728,60126.0)
(19970110,533320.0)
(1,FOB,19980407,126377.0)
(2,REG AIR,19940427,127698.0)
(19980407,702045.0)
(19930123,257798.0)
(TRUCK,19950924,58264.0)
(1,REG AIR,19950302,59465.0)
(FOB,19920215,116407.0)
(REG AIR,19970501,63669.0)
(1,REG AIR,19940411,54900.0)
(1,MAIL,19940715,124755.0)
(TRUCK,19960103,172869.0)
(AIR,19971225,54660.0)
(AIR,19921103,57423.0)
(1,SHIP,19971017,62047.0)
(2,REG AIR,19960506,62708.0)
(1,19970616,128059.0)
(TRUCK,19920422,186683.0)
(19940131,122593.0)
(1,REG AIR,19920620,58384.0)
(1,19950906,64690.0)
(1,SHIP,19970531,55981.0)
(SHIP,19980124,55140.0)
(AIR,19931021,64089.0)
(RAIL,19920306,126497.0)
(1,MAIL,19980531,117788.0)
(SHIP,19920111,119050.0)
(2,REG AIR,19980720,61867.0)
(1,AIR,19960307,59945.0)
(TRUCK,19930629,121032.0)
(1,REG AIR,19961003,61687.0)
(FOB,19931231,55261.0)
(TRUCK,19950104,61267.0)
(1,SHIP,19980206,65471.0)
(2,AIR,19920801,56762.0)
(2,AIR,19921026,54720.0)
(1,MAIL,19931210,112444.0)
(SHIP,19960810,64510.0)
(AIR,19930626,57483.0)
(1,REG AIR,19920305,64810.0)
(1,AIR,19930427,118689.0)
(1,19970120,181157.0)
(1,AIR,19940930,63849.0)
(FOB,19960103,61267.0)
(1,19980624,309635.0)
(2,19940920,245846.0)
(MAIL,19921021,177613.0)
(1,19950519,123314.0)
(19921114,117608.0)
(1,19970706,477400.0)
(1,SHIP,19920914,57063.0)
(MAIL,19930111,121092.0)
(19970417,299607.0)
(REG AIR,19931225,57723.0)
(AIR,19960209,120490.0)
(MAIL,19960505,242424.0)
(RAIL,19970121,63669.0)
(19970309,347961.0)
(MAIL,19970306,129921.0)
(1,19951031,285012.0)
(SHIP,19971214,59344.0)
(2,19950208,115807.0)
(1,RAIL,19920109,62468.0)
(AIR,19920519,62107.0)
(AIR,19941219,121151.0)
(TRUCK,19970517,65050.0)
(19970714,305733.0)
(2,MAIL,19931208,61447.0)
(AIR,19961208,60306.0)
(2,AIR,19971120,59765.0)
(1,FOB,19940906,61447.0)
(2,19950523,232874.0)
(2,MAIL,19951107,64690.0)
(19950716,743066.0)
(FOB,19930223,120010.0)
(2,FOB,19950207,55561.0)
(19970912,360513.0)
(MAIL,19960622,61267.0)
(2,19920319,308614.0)
(19970705,543892.0)
(REG AIR,19930325,57243.0)
(SHIP,19950703,120311.0)
(2,TRUCK,19950414,63549.0)
(2,MAIL,19970412,62888.0)
(1,FOB,19931014,61387.0)
(2,SHIP,19940715,56762.0)
(AIR,19950705,59945.0)
(1,SHIP,19930724,64210.0)
(MAIL,19980206,183979.0)
(2,19961224,235516.0)
(2,19961125,109440.0)
(2,AIR,19940403,55861.0)
(FOB,19920305,56221.0)
(2,AIR,19971111,54480.0)
(1,AIR,19971026,56702.0)
(2,MAIL,19950630,65411.0)
(2,AIR,19970905,59765.0)
(19951003,422981.0)
(2,19950910,243204.0)
(REG AIR,19930929,56462.0)
(SHIP,19930309,130161.0)
(1,19930223,436733.0)
(19931203,427425.0)
(2,FOB,19960107,60966.0)
(1,FOB,19960229,62768.0)
(2,TRUCK,19980114,65771.0)
(1,AIR,19961027,57063.0)
(2,SHIP,19970109,63249.0)
(1,19980228,543831.0)
(1,REG AIR,19930205,56221.0)
(2,MAIL,19941027,111903.0)
(1,19950609,121271.0)
(SHIP,19950505,57663.0)
(2,MAIL,19920110,55261.0)
(19970525,245307.0)
(1,RAIL,19940107,56702.0)
(MAIL,19961009,123014.0)
(19920124,352946.0)
(REG AIR,19960917,54180.0)
(2,19940407,117728.0)
(1,RAIL,19951006,59525.0)
(AIR,19970811,59224.0)
(1,19960914,240081.0)
(2,AIR,19920603,173049.0)
(1,AIR,19920608,58083.0)
(FOB,19970120,63909.0)
(1,REG AIR,19920215,60006.0)
(1,REG AIR,19980525,121932.0)
(19970408,314681.0)
(AIR,19970109,57903.0)
(SHIP,19960108,56041.0)
(2,SHIP,19940526,65831.0)
(1,TRUCK,19961019,119831.0)
(1,MAIL,19970127,56402.0)
(FOB,19930926,117608.0)
(2,FOB,19971114,63609.0)
(19971010,412469.0)
(2,MAIL,19950405,57783.0)
(AIR,19920609,117368.0)
(1,RAIL,19930621,61747.0)
(1,19960301,128419.0)
(TRUCK,19980723,253654.0)
(2,19961107,410908.0)
(2,19931010,121512.0)
(1,19930430,179415.0)
(1,19960824,61627.0)
(1,TRUCK,19941219,60786.0)
(1,19920521,301047.0)
(FOB,19921205,56942.0)
(1,19980318,121272.0)
(19950518,124935.0)
(AIR,19940508,55261.0)
(2,FOB,19970214,58023.0)
(AIR,19960524,58984.0)
(2,AIR,19951113,57543.0)
(MAIL,19970108,60006.0)
(RAIL,19921026,120071.0)
(1,AIR,19920707,123615.0)
(REG AIR,19961213,119410.0)
(1,19980525,296002.0)
(2,SHIP,19941129,65831.0)
(2,RAIL,19931126,62708.0)
(1,SHIP,19921021,65050.0)
(FOB,19970210,119530.0)
(1,RAIL,19920929,63849.0)
(19921015,365437.0)
(2,TRUCK,19920426,120131.0)
(1,MAIL,19980207,55561.0)
(AIR,19980531,56762.0)
(2,19970404,305071.0)
(19940717,415111.0)
(1,REG AIR,19941113,62948.0)
(1,19940510,65591.0)
(1,RAIL,19930829,56161.0)
(TRUCK,19940925,123614.0)
(SHIP,19941109,63549.0)
(1,TRUCK,19940409,120551.0)
(SHIP,19980313,127698.0)
(2,AIR,19930927,65290.0)
(2,FOB,19920714,58564.0)
(1,REG AIR,19960617,58324.0)
(AIR,19960704,59525.0)
(REG AIR,19940630,181638.0)
(2,AIR,19950222,121452.0)
(1,19940411,54900.0)
(1,19960112,57183.0)
(TRUCK,19960824,59044.0)
(2,TRUCK,19921119,57363.0)
(SHIP,19941217,113884.0)
(2,19960612,124755.0)
(1,SHIP,19920130,54540.0)
(RAIL,19970130,54180.0)
(19980128,179836.0)
(19960328,185301.0)
(1,TRUCK,19920708,59104.0)
(2,RAIL,19940621,65170.0)
(19970813,359851.0)
(19950419,57423.0)
(19920304,427907.0)
(1,TRUCK,19920320,61207.0)
(1,FOB,19930817,58684.0)
(2,TRUCK,19940523,56882.0)
(2,AIR,19921224,60966.0)
(AIR,19961226,63849.0)
(1,19950924,244046.0)
(2,SHIP,19950110,55681.0)
(FOB,19940402,63069.0)
(2,FOB,19961016,57003.0)
(1,MAIL,19980117,64750.0)
(1,TRUCK,19950426,58324.0)
(1,RAIL,19960727,121753.0)
(1,FOB,19970408,65771.0)
(2,REG AIR,19930130,64089.0)
(1,TRUCK,19931210,122413.0)
(2,FOB,19980123,61867.0)
(2,AIR,19951005,116887.0)
(2,SHIP,19970712,57963.0)
(1,19930818,57783.0)
(RAIL,19970419,65711.0)
(2,19971106,172869.0)
(TRUCK,19930106,61146.0)
(1,19950726,237319.0)
(19921231,380633.0)
(2,19980124,238459.0)
(SHIP,19940623,118689.0)
(REG AIR,19930505,64450.0)
(2,TRUCK,19980123,59405.0)
(2,19930507,176413.0)
(19980704,119590.0)
(1,19951103,59344.0)
(2,FOB,19930920,121993.0)
(AIR,19920816,116888.0)
(2,FOB,19960512,56341.0)
(FOB,19930430,58023.0)
(1,MAIL,19970217,59224.0)
(1,SHIP,19971125,127818.0)
(FOB,19930511,55981.0)
(TRUCK,19920521,125956.0)
(1,REG AIR,19961120,56341.0)
(2,19950505,118749.0)
(SHIP,19961125,62708.0)
(1,19930809,58204.0)
(1,REG AIR,19970607,114606.0)
(1,SHIP,19920707,194790.0)
(2,SHIP,19980108,65170.0)
(2,19970828,120851.0)
(1,19921025,57903.0)
(2,SHIP,19930329,62408.0)
(2,FOB,19950522,120191.0)
(2,SHIP,19950714,128720.0)
(2,TRUCK,19950513,59465.0)
(1,MAIL,19940319,56882.0)
(1,TRUCK,19970712,184460.0)
(1,MAIL,19930310,63069.0)
(REG AIR,19950224,192629.0)
(1,MAIL,19920807,57003.0)
(SHIP,19950226,59825.0)
(1,19921214,58143.0)
(2,MAIL,19980402,65350.0)
(2,19930903,186322.0)
(2,REG AIR,19970217,184340.0)
(1,19941122,119050.0)
(19930204,57663.0)
(2,19980511,64089.0)
(MAIL,19940921,127217.0)
(TRUCK,19940312,123615.0)
(REG AIR,19950314,61507.0)
(AIR,19920726,121571.0)
(1,TRUCK,19960803,64570.0)
(1,19970427,179055.0)
(2,FOB,19970115,65771.0)
(AIR,19970712,119530.0)
(2,19960829,185722.0)
(2,SHIP,19951010,59405.0)
(MAIL,19920310,118390.0)
(2,19950604,303511.0)
(1,FOB,19940618,111301.0)
(2,RAIL,19940810,61207.0)
(FOB,19980318,56402.0)
(TRUCK,19961111,115085.0)
(2,TRUCK,19951107,56041.0)
(2,FOB,19960314,63549.0)
(1,REG AIR,19941212,185601.0)
(2,REG AIR,19920528,118448.0)
(1,MAIL,19960821,64390.0)
(FOB,19940925,54720.0)
(19920106,528936.0)
(AIR,19970910,62708.0)
(SHIP,19940920,240983.0)
(SHIP,19971223,120912.0)
(2,SHIP,19931229,189866.0)
(AIR,19960605,62588.0)
(TRUCK,19940727,60906.0)
(1,FOB,19960517,181158.0)
(2,19960810,114365.0)
(SHIP,19930129,114064.0)
(FOB,19961012,55140.0)
(1,19930421,298285.0)
(FOB,19980525,248370.0)
(1,FOB,19971010,119170.0)
(SHIP,19961224,115626.0)
(FOB,19960121,58924.0)
(2,RAIL,19950413,60666.0)
(TRUCK,19961012,58684.0)
(REG AIR,19920317,64210.0)
(1,19960815,183920.0)
(2,TRUCK,19960512,61327.0)
(2,19980205,177854.0)
(19961219,529838.0)
(1,19970526,300627.0)
(1,AIR,19971224,65050.0)
(19960111,58204.0)
(RAIL,19940331,62588.0)
(2,REG AIR,19980531,187643.0)
(AIR,19960830,113104.0)
(1,19940718,65591.0)
(19930330,120311.0)
(1,19970111,249752.0)
(2,19950802,314321.0)
(19941211,846740.0)
(2,19930525,237078.0)
(RAIL,19931205,175691.0)
(2,19931119,527137.0)
(1,SHIP,19950704,125116.0)
(1,19920828,184941.0)
(2,AIR,19940331,61387.0)
(2,MAIL,19970214,118329.0)
(TRUCK,19930421,113704.0)
(1,19930115,248489.0)
(19960319,297684.0)
(RAIL,19970905,61447.0)
(FOB,19930421,112564.0)
(2,SHIP,19930310,65411.0)
(1,19970517,528697.0)
(TRUCK,19960617,58984.0)
(1,TRUCK,19930608,63189.0)
(1,19940826,127818.0)
(1,MAIL,19970730,65230.0)
(2,19931029,234557.0)
(1,AIR,19920905,115026.0)
(1,TRUCK,19960830,63129.0)
(19950310,174610.0)
(19930420,239961.0)
(FOB,19950609,123253.0)
(2,19941109,192269.0)
(1,19940105,60006.0)
(1,SHIP,19930904,61267.0)
(2,19960522,58023.0)
(REG AIR,19950116,57243.0)
(1,SHIP,19921229,55681.0)
(2,MAIL,19920714,114846.0)
(1,REG AIR,19971129,65411.0)
(2,FOB,19960305,62347.0)
(19960418,417396.0)
(2,FOB,19980709,62768.0)
(1,RAIL,19961212,63609.0)
(19931122,300988.0)
(2,TRUCK,19960305,64210.0)
(FOB,19950717,56762.0)
(AIR,19950525,61927.0)
(1,19941212,608882.0)
(SHIP,19950910,62888.0)
(TRUCK,19920413,58384.0)
(MAIL,19971116,65110.0)
(19971209,365438.0)
(SHIP,19940506,59585.0)
(1,19920729,61747.0)
(2,REG AIR,19920221,59344.0)
(2,REG AIR,19930626,55020.0)
(2,RAIL,19920218,122714.0)
(TRUCK,19950726,57483.0)
(2,MAIL,19920408,164221.0)
(19980416,368861.0)
(2,AIR,19970121,58023.0)
(2,19920823,60306.0)
(2,MAIL,19940424,61026.0)
(1,FOB,19960904,59465.0)
(2,19940308,64810.0)
(2,RAIL,19970105,54480.0)
(2,19930822,62227.0)
(19960229,676935.0)
(MAIL,19941010,55381.0)
(MAIL,19971017,60786.0)
(2,FOB,19940505,64330.0)
(1,FOB,19960328,61086.0)
(MAIL,19950911,59705.0)
(1,REG AIR,19941221,63609.0)
(2,19930129,237799.0)
(2,REG AIR,19920429,62347.0)
(1,REG AIR,19930926,120191.0)
(2,RAIL,19950224,176472.0)
(2,REG AIR,19920726,58083.0)
(REG AIR,19920425,61927.0)
(FOB,19970706,121092.0)
(TRUCK,19961210,119890.0)
(RAIL,19940421,59284.0)
(2,SHIP,19960209,55741.0)
(MAIL,19961216,62648.0)
(1,AIR,19971107,60906.0)
(1,FOB,19970705,61207.0)
(2,19950109,170527.0)
(1,MAIL,19950318,178155.0)
(1,RAIL,19960510,55140.0)
(19920827,356668.0)
(REG AIR,19970826,64570.0)
(1,FOB,19931230,58504.0)
(SHIP,19920102,54180.0)
(2,REG AIR,19960920,65230.0)
(19980506,417334.0)
(RAIL,19940926,129259.0)
(19951201,252453.0)
(1,RAIL,19980725,61086.0)
(2,MAIL,19950720,58444.0)
(AIR,19980216,125897.0)
(1,TRUCK,19970109,65350.0)
(TRUCK,19930223,126737.0)
(TRUCK,19941122,118810.0)
(2,AIR,19950808,58744.0)
(1,19950717,231253.0)
(19950923,682101.0)
(RAIL,19960609,123854.0)
(1,FOB,19920106,120731.0)
(REG AIR,19931126,58984.0)
(2,AIR,19930620,55741.0)
(1,19971129,129500.0)
(2,RAIL,19960106,124935.0)
(1,REG AIR,19920927,58324.0)
(TRUCK,19930926,54420.0)
(AIR,19960803,127459.0)
(2,SHIP,19970604,61567.0)
(FOB,19960301,121212.0)
(RAIL,19920315,64570.0)
(1,TRUCK,19930905,63789.0)
(TRUCK,19970319,115687.0)
(MAIL,19970531,61327.0)
(1,19961003,186923.0)
(2,RAIL,19920920,127339.0)
(AIR,19920113,127698.0)
(1,FOB,19961219,58564.0)
(19930916,248790.0)
(2,REG AIR,19970712,57843.0)
(1,FOB,19930420,59705.0)
(1,19940420,173469.0)
(REG AIR,19951214,61687.0)
(19951030,406044.0)
(1,FOB,19921114,57723.0)
(SHIP,19921228,64990.0)
(19960904,116347.0)
(2,AIR,19970103,61327.0)
(RAIL,19920603,121872.0)
(2,SHIP,19960821,56882.0)
(1,AIR,19970603,55080.0)
(1,19961102,236959.0)
(REG AIR,19980717,61867.0)
(1,FOB,19951003,63429.0)
(FOB,19980507,125596.0)
(1,FOB,19980416,65471.0)
(TRUCK,19920828,62768.0)
(1,19920422,368022.0)
(1,RAIL,19921207,64510.0)
(2,TRUCK,19920921,60906.0)
(MAIL,19920707,60906.0)
(TRUCK,19930115,65230.0)
(2,SHIP,19970217,242004.0)
(2,19921101,117909.0)
(19950509,241943.0)
(FOB,19970607,115206.0)
(RAIL,19940520,65951.0)
(RAIL,19970617,168964.0)
(AIR,19980603,183439.0)
(19970930,57903.0)
(REG AIR,19950729,238701.0)
(RAIL,19951113,64630.0)
(2,19950325,238040.0)
(2,FOB,19930317,60306.0)
(REG AIR,19980131,62708.0)
(1,REG AIR,19980228,117729.0)
(FOB,19941005,58624.0)
(AIR,19940526,59465.0)
(1,RAIL,19970924,119650.0)
(TRUCK,19941113,229631.0)
(1,19920710,234437.0)
(1,19931222,124215.0)
(1,SHIP,19960307,64690.0)
(FOB,19980714,117908.0)
(2,19951108,179656.0)
(19960517,354026.0)
(1,FOB,19930925,59284.0)
(2,SHIP,19960506,61867.0)
(MAIL,19920419,119710.0)
(FOB,19950618,55501.0)
(2,TRUCK,19980312,63969.0)
(1,AIR,19941001,63669.0)
(2,AIR,19920315,176292.0)
(TRUCK,19950221,59705.0)
(2,SHIP,19930626,60966.0)
(1,AIR,19970513,65471.0)
(1,19970607,172209.0)
(FOB,19971129,64089.0)
(2,19980313,122052.0)
(2,19940227,300326.0)
(AIR,19931003,64510.0)
(TRUCK,19941203,109020.0)
(19930321,125416.0)
(2,AIR,19970527,55681.0)
(2,RAIL,19951115,65230.0)
(FOB,19921025,65771.0)
(2,19931218,245487.0)
(1,FOB,19970516,63549.0)
(RAIL,19930611,61747.0)
(TRUCK,19970706,244586.0)
(TRUCK,19940420,56882.0)
(2,19940614,61207.0)
(1,19920927,182839.0)
(19920322,960869.0)
(MAIL,19940408,62468.0)
(1,AIR,19980305,115025.0)
(RAIL,19951023,57723.0)
(1,19960103,174972.0)
(REG AIR,19940405,54960.0)
(2,19960126,188245.0)
(2,FOB,19960918,62347.0)
(RAIL,19920630,64510.0)
(1,19920305,251312.0)
(1,19961111,59945.0)
(19931230,118750.0)
(FOB,19930304,60366.0)
(SHIP,19950217,59885.0)
(RAIL,19940313,58684.0)
(2,FOB,19960206,58204.0)
(REG AIR,19970213,190467.0)
(2,19940911,236418.0)
(2,RAIL,19970123,59825.0)
(FOB,19980624,127638.0)
(2,SHIP,19980603,59825.0)
(2,MAIL,19960422,56762.0)
(AIR,19970217,115687.0)
(2,MAIL,19950108,56281.0)
(2,MAIL,19920101,171907.0)
(RAIL,19930404,58204.0)
(2,TRUCK,19920822,61627.0)
(SHIP,19951108,58204.0)
(MAIL,19920923,65531.0)
(1,FOB,19951201,64570.0)
(RAIL,19980427,58564.0)
(2,19920409,117608.0)
(2,RAIL,19960917,62107.0)
(19940627,370003.0)
(REG AIR,19930406,65531.0)
(FOB,19920819,55501.0)
(2,REG AIR,19960524,60726.0)
(19930628,419736.0)
(19920511,368140.0)
(TRUCK,19920215,123614.0)
(RAIL,19970220,56101.0)
(MAIL,19921201,65350.0)
(RAIL,19970824,56281.0)
(19951102,297385.0)
(1,19980408,125356.0)
(2,19940209,186983.0)
(19920601,554582.0)
(1,REG AIR,19951103,59344.0)
(SHIP,19920409,60426.0)
(2,TRUCK,19931109,60666.0)
(1,RAIL,19970807,56702.0)
(2,19951207,349941.0)
(2,FOB,19971105,61086.0)
(SHIP,19960829,113885.0)
(2,RAIL,19930325,59645.0)
(1,FOB,19940609,55681.0)
(2,FOB,19961007,64690.0)
(1,19941113,288856.0)
(19930411,413552.0)
(1,RAIL,19931125,60066.0)
(1,REG AIR,19970517,111542.0)
(2,RAIL,19980311,113164.0)
(1,AIR,19940813,62888.0)
(AIR,19940319,61086.0)
(1,TRUCK,19920816,178515.0)
(MAIL,19960127,120190.0)
(2,MAIL,19960125,63189.0)
(1,19930106,415534.0)
(1,19930205,56221.0)
(1,19940529,64690.0)
(1,TRUCK,19960506,56822.0)
(RAIL,19980706,61026.0)
(2,MAIL,19921227,55441.0)
(REG AIR,19960331,54780.0)
(FOB,19960310,65771.0)
(19950617,548758.0)
(2,MAIL,19950504,59044.0)
(2,19960928,54120.0)
(REG AIR,19940108,54840.0)
(2,RAIL,19970213,56522.0)
(1,19950618,360393.0)
(2,MAIL,19931226,56341.0)
(1,RAIL,19961113,116046.0)
(TRUCK,19970427,57003.0)
(1,19920819,180917.0)
(2,MAIL,19930920,58504.0)
(TRUCK,19980507,58864.0)
(1,FOB,19941202,63249.0)
(2,19970413,60306.0)
(2,19920904,64510.0)
(1,19920503,59224.0)
(REG AIR,19951115,249571.0)
(2,19940731,56702.0)
(RAIL,19941123,118569.0)
(2,19950217,117248.0)
(1,FOB,19950509,60786.0)
(AIR,19930329,56702.0)
(TRUCK,19950825,113644.0)
(TRUCK,19920620,56281.0)
(2,19960207,192389.0)
(2,MAIL,19940820,119650.0)
(1,AIR,19980224,62648.0)
(REG AIR,19940117,121333.0)
(FOB,19960914,171307.0)
(FOB,19921214,56101.0)
(SHIP,19930426,128299.0)
(1,TRUCK,19940823,59645.0)
(MAIL,19960820,168305.0)
(REG AIR,19940306,58264.0)
(1,19970715,187283.0)
(2,19940326,174071.0)
(2,TRUCK,19980709,65230.0)
(2,AIR,19931205,55080.0)
(SHIP,19920823,118269.0)
(19950211,57903.0)
(2,REG AIR,19950228,54780.0)
(19970101,361895.0)
(FOB,19960617,54480.0)
(2,19921228,177553.0)
(2,19921110,231433.0)
(REG AIR,19940810,116767.0)
(AIR,19960506,114065.0)
(1,SHIP,19931129,58444.0)
(1,19970328,65290.0)
(1,RAIL,19940521,122052.0)
(2,REG AIR,19940517,54120.0)
(SHIP,19931218,58984.0)
(1,SHIP,19960820,237560.0)
(SHIP,19961107,58264.0)
(2,TRUCK,19960620,124515.0)
(1,FOB,19920430,60426.0)
(1,19961012,177674.0)
(SHIP,19950721,55381.0)
(1,FOB,19951030,56882.0)
(1,TRUCK,19961226,58264.0)
(2,19960405,64870.0)
(2,19980421,58083.0)
(TRUCK,19980228,60606.0)
(1,19930629,422020.0)
(MAIL,19980729,65290.0)
(RAIL,19930927,60066.0)
(2,19970107,55501.0)
(1,MAIL,19920627,54780.0)
(TRUCK,19941212,178455.0)
(TRUCK,19940718,58264.0)
(2,REG AIR,19950507,60366.0)
(FOB,19920521,119710.0)
(2,19971223,232514.0)
(2,RAIL,19931216,59585.0)
(1,RAIL,19951015,65831.0)
(RAIL,19971030,355527.0)
(FOB,19950104,58444.0)
(1,RAIL,19961203,61447.0)
(1,19941005,235817.0)
(REG AIR,19950305,55621.0)
(1,MAIL,19960326,181158.0)
(1,19980507,184881.0)
(1,REG AIR,19980129,62468.0)
(TRUCK,19971129,57903.0)
(1,19960617,122473.0)
(SHIP,19970828,59224.0)
(1,AIR,19951028,56402.0)
(2,19930408,126858.0)
(19960210,419316.0)
(19930907,243505.0)
(SHIP,19940209,60186.0)
(2,SHIP,19920816,63609.0)
(MAIL,19920905,63909.0)
(REG AIR,19961204,130461.0)
(2,FOB,19951017,63189.0)
(1,19980714,64990.0)
(RAIL,19980102,64810.0)
(2,AIR,19930521,58864.0)
(19921024,302790.0)
(2,FOB,19980501,122953.0)
(TRUCK,19970111,60726.0)
(2,MAIL,19950711,55140.0)
(1,MAIL,19950417,65170.0)
(1,AIR,19931129,127578.0)
(2,SHIP,19960830,57003.0)
(2,REG AIR,19940715,64690.0)
(2,REG AIR,19921022,59104.0)
(2,AIR,19951023,57123.0)
(2,19960630,59224.0)
(2,FOB,19920327,120731.0)
(2,AIR,19920621,58384.0)
(SHIP,19941019,178213.0)
(2,MAIL,19961016,64870.0)
(1,TRUCK,19980531,114485.0)
(19941202,250351.0)
(MAIL,19970414,116408.0)
(RAIL,19931124,58564.0)
(1,19980129,62468.0)
(MAIL,19970324,128900.0)
(MAIL,19940804,57003.0)
(2,SHIP,19950705,57243.0)
(1,SHIP,19980729,54660.0)
(AIR,19970730,63309.0)
(2,SHIP,19940823,54600.0)
(1,MAIL,19920726,65951.0)
(1,REG AIR,19930304,55261.0)
(2,AIR,19920919,59885.0)
(REG AIR,19921217,59405.0)
(2,REG AIR,19970514,125897.0)
(RAIL,19971111,55321.0)
(19940618,644743.0)
(1,RAIL,19930405,184520.0)
(1,REG AIR,19930223,62888.0)
(2,19930426,62047.0)
(2,RAIL,19960629,63789.0)
(2,FOB,19921119,127878.0)
(1,REG AIR,19930412,63069.0)
(AIR,19930905,64990.0)
(1,FOB,19970426,57243.0)
(1,SHIP,19940101,55501.0)
(1,RAIL,19940602,121993.0)
(2,19970819,169084.0)
(2,RAIL,19960214,64210.0)
(2,REG AIR,19931003,60126.0)
(2,REG AIR,19920627,56702.0)
(TRUCK,19920729,64450.0)
(2,RAIL,19980528,56402.0)
(SHIP,19940227,65591.0)
(REG AIR,19980410,248850.0)
(1,AIR,19920815,60126.0)
(1,19950104,238400.0)
(1,19961120,356007.0)
(1,RAIL,19950520,62167.0)
(2,19920508,173469.0)
(FOB,19950825,117668.0)
(MAIL,19970928,65471.0)
(1,TRUCK,19950525,121692.0)
(2,FOB,19961223,63129.0)
(2,FOB,19971213,57303.0)
(2,REG AIR,19970127,130881.0)
(1,AIR,19960820,305793.0)
(REG AIR,19970411,60006.0)
(REG AIR,19960205,249812.0)
(1,MAIL,19960803,122833.0)
(REG AIR,19960827,54180.0)
(SHIP,19950901,56101.0)
(1,FOB,19970110,64990.0)
(2,MAIL,19940604,60846.0)
(TRUCK,19930511,119831.0)
(2,19920913,120431.0)
(1,19920215,230953.0)
(1,19920413,123915.0)
(AIR,19950624,60666.0)
(2,AIR,19920630,60066.0)
(SHIP,19950523,58804.0)
(RAIL,19950808,57423.0)
(AIR,19971108,64089.0)
(1,FOB,19950923,62648.0)
(1,19930827,56281.0)
(RAIL,19931115,63789.0)
(2,MAIL,19960206,65651.0)
(2,19960108,118208.0)
