(1,19921009,125836.0)
(19970310,227049.0)
(1,RAIL,19970106,57243.0)
(FOB,19970401,63549.0)
(2,TRUCK,19920905,62347.0)
(2,FOB,19971026,62588.0)
(1,TRUCK,19970426,57423.0)
(FOB,19941124,114005.0)
(2,19960326,59044.0)
(1,AIR,19980721,180256.0)
(2,19920816,124035.0)
(REG AIR,19950604,175331.0)
(REG AIR,19940911,56041.0)
(REG AIR,19931218,59705.0)
(1,AIR,19920916,55261.0)
(RAIL,19960214,64210.0)
(2,MAIL,19970531,61327.0)
(1,AIR,19930717,57483.0)
(TRUCK,19930225,59825.0)
(1,RAIL,19951215,57543.0)
(2,RAIL,19951207,112863.0)
(2,MAIL,19961117,65471.0)
(2,FOB,19940822,125356.0)
(1,19920721,184881.0)
(1,19931215,111482.0)
(REG AIR,19961107,65050.0)
(19920513,424301.0)
(2,TRUCK,19980206,62408.0)
(AIR,19931203,65891.0)
(2,MAIL,19971026,63429.0)
(FOB,19930810,60906.0)
(REG AIR,19970323,62468.0)
(1,REG AIR,19931206,175931.0)
(1,REG AIR,19960628,62648.0)
(2,MAIL,19950704,62468.0)
(2,19971108,248549.0)
(2,MAIL,19970108,60006.0)
(2,RAIL,19941217,56161.0)
(2,19950705,175812.0)
(2,19960713,126978.0)
(2,REG AIR,19921006,62708.0)
(AIR,19941211,60246.0)
(2,RAIL,19950208,58624.0)
(19951113,373605.0)
(FOB,19930117,56161.0)
(TRUCK,19980626,117308.0)
(19940430,479322.0)
(19970112,468810.0)
(1,FOB,19971120,59344.0)
(RAIL,19950503,115146.0)
(REG AIR,19941217,184401.0)
(AIR,19920917,63669.0)
(2,MAIL,19940921,61927.0)
(2,19940823,54600.0)
(1,MAIL,19920304,123855.0)
(MAIL,19930726,64450.0)
(1,19930504,128178.0)
(2,RAIL,19930408,62528.0)
(AIR,19960517,115986.0)
(REG AIR,19940506,117429.0)
(19960429,355227.0)
(2,19950813,55201.0)
(REG AIR,19980124,119891.0)
(2,19980531,377328.0)
(1,19920730,366278.0)
(FOB,19970618,62468.0)
(2,TRUCK,19951127,62167.0)
(2,AIR,19930217,54600.0)
(SHIP,19920816,63609.0)
(2,FOB,19940705,65350.0)
(2,MAIL,19971125,57903.0)
(2,AIR,19960331,62047.0)
(1,AIR,19980712,61086.0)
(RAIL,19930820,64210.0)
(2,TRUCK,19941001,60006.0)
(1,REG AIR,19960925,57543.0)
(AIR,19960319,63189.0)
(RAIL,19960331,172388.0)
(1,MAIL,19930925,60606.0)
(2,19930923,117307.0)
(REG AIR,19950523,120792.0)
(19950222,851425.0)
(AIR,19970408,58504.0)
(1,19980725,119530.0)
(REG AIR,19941019,120971.0)
(2,TRUCK,19920914,179356.0)
(1,19971031,238520.0)
(1,19951015,306093.0)
(1,REG AIR,19970609,58744.0)
(1,19980617,56462.0)
(MAIL,19980208,56522.0)
(1,REG AIR,19961212,55441.0)
(MAIL,19950913,65170.0)
(2,SHIP,19931014,61207.0)
(2,RAIL,19920508,54720.0)
(1,FOB,19930602,57663.0)
(19941123,418716.0)
(2,19970217,728233.0)
(2,TRUCK,19950803,58023.0)
(2,RAIL,19950802,119831.0)
(1,MAIL,19930204,57663.0)
(FOB,19930702,61207.0)
(19920621,412709.0)
(TRUCK,19960826,54960.0)
(2,RAIL,19921110,115506.0)
(SHIP,19970109,63249.0)
(1,AIR,19921203,66012.0)
(2,AIR,19941206,118990.0)
(1,AIR,19960318,64630.0)
(2,19961028,172148.0)
(1,19980419,290658.0)
(1,MAIL,19930411,175512.0)
(2,19921103,57423.0)
(2,TRUCK,19930715,118149.0)
(1,RAIL,19970205,57603.0)
(1,19961212,353246.0)
(1,REG AIR,19960123,63489.0)
(1,RAIL,19950531,116948.0)
(2,AIR,19961114,60006.0)
(AIR,19951201,65110.0)
(1,19931224,369281.0)
(TRUCK,19960628,61987.0)
(RAIL,19961114,65230.0)
(SHIP,19931003,59344.0)
(1,19970302,186563.0)
(1,TRUCK,19960418,117789.0)
(2,19960704,59525.0)
(TRUCK,19920730,184281.0)
(1,19971121,344177.0)
(FOB,19980707,120551.0)
(RAIL,19920920,127339.0)
(2,19970712,370482.0)
(FOB,19930720,117788.0)
(2,FOB,19921229,65230.0)
(SHIP,19970127,129740.0)
(REG AIR,19930426,62047.0)
(MAIL,19960309,63429.0)
(2,SHIP,19931122,58744.0)
(RAIL,19921217,112503.0)
(2,SHIP,19941211,59645.0)
(1,TRUCK,19950707,55080.0)
(2,19950318,476679.0)
(2,RAIL,19980502,64750.0)
(1,19970203,54600.0)
(2,19970514,180917.0)
(SHIP,19931229,310717.0)
(2,REG AIR,19970804,113164.0)
(2,19940418,491694.0)
(AIR,19921231,63669.0)
(19950826,350602.0)
(1,REG AIR,19980419,120671.0)
(REG AIR,19940326,116528.0)
(1,FOB,19920513,64810.0)
(1,TRUCK,19970705,124154.0)
(1,MAIL,19970417,56522.0)
(1,RAIL,19930227,63789.0)
(1,19940206,114244.0)
(2,19920104,112984.0)
(MAIL,19920501,120852.0)
(FOB,19960411,60066.0)
(1,19921216,61867.0)
(1,MAIL,19931221,130100.0)
(2,FOB,19970414,65411.0)
(1,SHIP,19971109,182539.0)
(2,TRUCK,19950407,124815.0)
(1,SHIP,19950319,56221.0)
(2,TRUCK,19961126,114846.0)
(MAIL,19940914,232814.0)
(FOB,19930324,62167.0)
(FOB,19960628,62948.0)
(2,TRUCK,19930508,61086.0)
(1,SHIP,19950904,62408.0)
(2,RAIL,19960207,65651.0)
(1,FOB,19980102,59825.0)
(AIR,19970110,58984.0)
(2,19960218,62167.0)
(2,REG AIR,19970714,125476.0)
(1,19980130,117068.0)
(RAIL,19931216,59585.0)
(2,FOB,19970928,65951.0)
(1,MAIL,19951102,55321.0)
(19971021,250951.0)
(1,TRUCK,19930925,55621.0)
(FOB,19951222,57003.0)
(REG AIR,19930110,113584.0)
(2,19970127,194670.0)
(1,FOB,19930729,57663.0)
(1,19971112,65771.0)
(2,19930608,118630.0)
(REG AIR,19930507,59945.0)
(2,AIR,19980528,128239.0)
(2,RAIL,19950604,66012.0)
(2,SHIP,19930411,55561.0)
(1,FOB,19960717,57183.0)
(SHIP,19970217,242004.0)
(RAIL,19921109,58744.0)
(REG AIR,19970404,124214.0)
(1,MAIL,19920827,59405.0)
(1,MAIL,19980407,61867.0)
(2,MAIL,19921120,58324.0)
(2,REG AIR,19951021,124035.0)
(1,REG AIR,19920703,55741.0)
(1,19970519,61747.0)
(SHIP,19960803,182898.0)
(SHIP,19960731,60126.0)
(1,19940909,239000.0)
(1,MAIL,19971010,63909.0)
(1,19940819,194190.0)
(1,MAIL,19960229,59224.0)
(MAIL,19930221,110221.0)
(1,REG AIR,19951222,114725.0)
(1,SHIP,19980703,65831.0)
(19971111,344117.0)
(TRUCK,19971121,63549.0)
(1,SHIP,19960417,65110.0)
(19950916,297326.0)
(2,TRUCK,19921021,63669.0)
(1,RAIL,19940316,57063.0)
(19980120,234076.0)
(TRUCK,19930504,120251.0)
(1,SHIP,19951110,64330.0)
(2,19960524,115806.0)
(1,19970609,119050.0)
(TRUCK,19980725,63609.0)
(MAIL,19951110,122773.0)
(1,SHIP,19960813,64149.0)
(MAIL,19950805,61927.0)
(2,RAIL,19971223,54600.0)
(MAIL,19920510,63909.0)
(19930620,536625.0)
(2,TRUCK,19970423,120671.0)
(TRUCK,19980130,60186.0)
(REG AIR,19920111,58083.0)
(FOB,19931215,56702.0)
(1,RAIL,19950108,61747.0)
(MAIL,19931031,124395.0)
(FOB,19960817,58324.0)
(1,AIR,19950427,64750.0)
(2,SHIP,19970417,62468.0)
(1,19930126,342615.0)
(2,FOB,19941001,55921.0)
(1,19950610,54300.0)
(1,MAIL,19930321,65891.0)
(2,AIR,19931108,58083.0)
(2,AIR,19980311,55561.0)
(SHIP,19930626,60966.0)
(1,SHIP,19960110,123314.0)
(TRUCK,19971112,57243.0)
(RAIL,19951115,176592.0)
(1,AIR,19930302,122293.0)
(1,RAIL,19960107,121092.0)
(FOB,19951123,119711.0)
(1,REG AIR,19960727,66012.0)
(1,SHIP,19940419,57783.0)
(REG AIR,19980313,64990.0)
(REG AIR,19980421,56582.0)
(FOB,19940819,64390.0)
(2,19940706,304830.0)
(19971229,57903.0)
(SHIP,19950110,55681.0)
(1,SHIP,19940914,63429.0)
(2,MAIL,19921201,65350.0)
(1,TRUCK,19921024,59705.0)
(2,SHIP,19970101,60246.0)
(2,FOB,19970603,59465.0)
(AIR,19930817,58564.0)
(2,MAIL,19941001,115025.0)
(1,MAIL,19950923,117008.0)
(1,MAIL,19970804,64270.0)
(2,RAIL,19930507,56402.0)
(SHIP,19930824,59705.0)
(AIR,19920601,62287.0)
(1,REG AIR,19980617,56462.0)
(1,AIR,19940130,115687.0)
(1,RAIL,19961205,65230.0)
(TRUCK,19970528,116587.0)
(1,19980626,124395.0)
(19960311,359190.0)
(RAIL,19970123,59825.0)
(1,SHIP,19970515,59525.0)
(2,19970910,120791.0)
(2,19970316,186622.0)
(2,FOB,19920130,65290.0)
(1,FOB,19920630,54780.0)
(2,AIR,19960430,59945.0)
(RAIL,19950413,60666.0)
(2,19940913,64450.0)
(1,19930621,189265.0)
(REG AIR,19950802,57183.0)
(REG AIR,19951018,63309.0)
(2,MAIL,19920905,63909.0)
(2,TRUCK,19961117,56402.0)
(1,RAIL,19970115,63609.0)
(1,MAIL,19941202,59825.0)
(AIR,19950707,113344.0)
(1,SHIP,19980307,56341.0)
(REG AIR,19950721,60786.0)
(2,19920906,63249.0)
(2,19980621,311497.0)
(1,TRUCK,19920106,59044.0)
(1,RAIL,19930821,65711.0)
(2,TRUCK,19940921,59104.0)
(19920919,426883.0)
(19951005,116887.0)
(2,19931229,438895.0)
(1,FOB,19980418,116167.0)
(AIR,19930916,120611.0)
(RAIL,19980528,56402.0)
(2,19930428,183500.0)
(REG AIR,19920319,58564.0)
(REG AIR,19950820,59164.0)
(2,FOB,19970108,58264.0)
(2,FOB,19940804,61387.0)
(RAIL,19931027,63489.0)
(1,19941016,61267.0)
(2,AIR,19970529,54840.0)
(1,REG AIR,19930126,109080.0)
(19951203,54720.0)
(FOB,19970609,175271.0)
(TRUCK,19960411,54180.0)
(1,REG AIR,19970924,56882.0)
(19921008,595970.0)
(1,FOB,19920801,60486.0)
(1,REG AIR,19940107,59825.0)
(2,19940427,246808.0)
(1,AIR,19980523,64390.0)
(1,AIR,19931202,63189.0)
(2,FOB,19980206,118688.0)
(19921026,297324.0)
(1,19980112,166623.0)
(1,19950908,65350.0)
(2,RAIL,19920102,58324.0)
(1,AIR,19971226,63729.0)
(MAIL,19950724,54660.0)
(2,FOB,19930814,58204.0)
(1,19960411,114246.0)
(19970824,722105.0)
(19940331,306334.0)
(1,AIR,19960912,62948.0)
(TRUCK,19951006,227289.0)
(RAIL,19940405,65591.0)
(RAIL,19950224,298584.0)
(TRUCK,19950520,115747.0)
(2,TRUCK,19920220,63669.0)
(1,TRUCK,19950617,65831.0)
(2,FOB,19930904,56041.0)
(1,MAIL,19970110,64690.0)
(AIR,19920827,57303.0)
(2,TRUCK,19920419,117489.0)
(1,TRUCK,19950716,62408.0)
(1,MAIL,19950112,61086.0)
(1,AIR,19920510,65651.0)
(2,TRUCK,19970108,64450.0)
(REG AIR,19930228,60906.0)
(MAIL,19921203,58264.0)
(19980724,307354.0)
(FOB,19940620,59104.0)
(2,19961226,120491.0)
(FOB,19920730,173829.0)
(RAIL,19980311,113164.0)
(RAIL,19970411,64450.0)
(RAIL,19950530,65350.0)
(2,MAIL,19970414,116408.0)
(TRUCK,19940602,54480.0)
(AIR,19950617,64570.0)
(2,19940922,62167.0)
(2,FOB,19950317,65471.0)
(2,RAIL,19961107,61807.0)
(2,MAIL,19921021,115025.0)
(2,RAIL,19960126,60306.0)
(2,19931021,176773.0)
(MAIL,19980703,57423.0)
(2,TRUCK,19950317,64690.0)
(1,19970401,248190.0)
(1,TRUCK,19940519,56942.0)
(FOB,19921207,117488.0)
(2,19960407,115446.0)
(SHIP,19950426,57543.0)
(19920207,289094.0)
(TRUCK,19930603,56341.0)
(TRUCK,19930810,64089.0)
(AIR,19930330,63729.0)
(SHIP,19970811,59465.0)
(REG AIR,19931010,58143.0)
(2,RAIL,19931119,169807.0)
(AIR,19920511,121212.0)
(FOB,19930108,61567.0)
(1,AIR,19940419,57543.0)
(MAIL,19961218,55381.0)
(19980210,65050.0)
(2,TRUCK,19940408,112323.0)
(SHIP,19940409,61207.0)
(SHIP,19940706,58804.0)
(1,FOB,19920603,117069.0)
(2,AIR,19960917,62888.0)
(2,TRUCK,19971107,57603.0)
(1,MAIL,19970714,54300.0)
(1,19980518,58864.0)
(TRUCK,19970302,126437.0)
(1,19950520,465447.0)
(1,SHIP,19940103,115266.0)
(MAIL,19980226,63549.0)
(2,REG AIR,19940906,54360.0)
(19941105,171728.0)
(2,AIR,19920920,63549.0)
(2,19980216,188004.0)
(1,FOB,19950411,60006.0)
(1,FOB,19971021,129560.0)
(AIR,19960616,58204.0)
(19950808,175451.0)
(1,AIR,19960822,56221.0)
(2,19920528,420516.0)
(2,19951010,188605.0)
(1,TRUCK,19980227,65350.0)
(1,AIR,19950913,58984.0)
(19931124,722767.0)
(2,RAIL,19970404,58624.0)
(RAIL,19970213,56522.0)
(AIR,19920106,111482.0)
(FOB,19921009,64570.0)
(2,REG AIR,19960616,61086.0)
(MAIL,19970317,64029.0)
(1,19940107,173229.0)
(MAIL,19950508,54900.0)
(1,19960727,244347.0)
(SHIP,19961028,57423.0)
(FOB,19950223,125777.0)
(19941024,237319.0)
(FOB,19980725,57663.0)
(2,REG AIR,19980128,65891.0)
(19940412,183499.0)
(1,TRUCK,19950923,64870.0)
(FOB,19951006,56522.0)
(MAIL,19960705,64390.0)
(2,MAIL,19960622,61267.0)
(2,FOB,19960910,62528.0)
(19950123,298526.0)
(2,TRUCK,19921229,58684.0)
(REG AIR,19921228,57123.0)
(REG AIR,19971214,61507.0)
(2,RAIL,19950910,63669.0)
(2,19940517,118570.0)
(RAIL,19951223,120371.0)
(MAIL,19931130,64870.0)
(TRUCK,19941016,54660.0)
(FOB,19950322,61327.0)
(RAIL,19960322,54720.0)
(TRUCK,19970924,54660.0)
(RAIL,19960917,123133.0)
(MAIL,19951011,60486.0)
(1,REG AIR,19920109,62227.0)
(1,19960330,63189.0)
(1,TRUCK,19920917,57783.0)
(MAIL,19970326,58804.0)
(1,REG AIR,19940521,61627.0)
(2,TRUCK,19970603,122113.0)
(1,AIR,19980424,123134.0)
(SHIP,19960317,58744.0)
(1,TRUCK,19980515,57483.0)
(2,REG AIR,19970426,65951.0)
(1,FOB,19931115,64149.0)
(1,MAIL,19930330,56582.0)
(SHIP,19950327,63729.0)
(1,TRUCK,19951102,54060.0)
(2,REG AIR,19980506,64630.0)
(REG AIR,19970620,119951.0)
(2,REG AIR,19940609,60486.0)
(19980427,230412.0)
(1,19960501,117488.0)
(1,FOB,19961112,62167.0)
(19920306,434452.0)
(19950105,301889.0)
(2,19930310,246148.0)
(1,TRUCK,19961002,63909.0)
(1,SHIP,19980505,60186.0)
(1,19940620,115626.0)
(1,AIR,19930924,61687.0)
(1,19960826,177373.0)
(1,19960925,183859.0)
(TRUCK,19970807,181879.0)
(MAIL,19940518,61687.0)
(19970617,775683.0)
(1,REG AIR,19930117,57303.0)
(2,19960821,56882.0)
(2,TRUCK,19980314,57603.0)
(2,FOB,19920815,290418.0)
(1,TRUCK,19980416,124996.0)
(1,SHIP,19980406,58444.0)
(2,FOB,19970423,120671.0)
(2,RAIL,19931010,63369.0)
(2,19950110,286334.0)
(2,19930626,233234.0)
(2,TRUCK,19960217,120071.0)
(19940520,479923.0)
(TRUCK,19960510,120972.0)
(1,MAIL,19920818,63009.0)
(SHIP,19940508,58804.0)
(SHIP,19980216,122293.0)
(MAIL,19920303,123974.0)
(2,19970109,183319.0)
(19930530,182358.0)
(AIR,19931014,54180.0)
(SHIP,19941129,65831.0)
(AIR,19930925,55501.0)
(MAIL,19960318,121451.0)
(2,TRUCK,19930805,62167.0)
(2,TRUCK,19930823,64390.0)
(2,19940508,240863.0)
(2,19960506,421840.0)
(FOB,19951015,125416.0)
(2,FOB,19930805,64330.0)
(1,SHIP,19980730,63069.0)
(2,SHIP,19940906,61807.0)
(FOB,19940521,128779.0)
(19940313,416314.0)
(19970121,419256.0)
(REG AIR,19940227,59104.0)
(AIR,19970516,182179.0)
(TRUCK,19970113,127277.0)
(SHIP,19980531,62948.0)
(1,SHIP,19920312,65050.0)
(1,RAIL,19950711,65170.0)
(2,TRUCK,19980107,169085.0)
(19961121,118989.0)
(2,MAIL,19980107,122052.0)
(2,RAIL,19951018,61086.0)
(1,19970618,62468.0)
(2,SHIP,19931221,56522.0)
(2,AIR,19951025,121212.0)
(19920405,483706.0)
(1,FOB,19941123,55981.0)
(2,19950624,63849.0)
(2,MAIL,19921003,57423.0)
(2,AIR,19940117,58204.0)
(19940728,300448.0)
(19980328,63549.0)
(SHIP,19940823,54600.0)
(1,AIR,19951011,55140.0)
(19970716,121332.0)
(REG AIR,19950910,59104.0)
(2,AIR,19920821,116947.0)
(TRUCK,19940521,59885.0)
(19940421,59284.0)
(1,FOB,19930413,57063.0)
(1,RAIL,19951017,61687.0)
(1,AIR,19960110,116827.0)
(1,REG AIR,19941223,63189.0)
(2,MAIL,19920608,64029.0)
(2,RAIL,19940407,58684.0)
(1,19951006,471995.0)
(1,19930702,115807.0)
(1,REG AIR,19970203,54600.0)
(2,SHIP,19951003,57003.0)
(1,SHIP,19930915,59224.0)
(2,19930824,55321.0)
(1,AIR,19961218,55140.0)
(TRUCK,19950430,63909.0)
(2,MAIL,19931110,56221.0)
(RAIL,19971212,59705.0)
(2,19970208,55981.0)
(MAIL,19970227,58804.0)
(MAIL,19950427,61747.0)
(FOB,19940530,57243.0)
(1,19960303,173169.0)
(1,AIR,19930221,121813.0)
(19940827,166022.0)
(1,19940611,114245.0)
(2,19920726,299666.0)
(1,19931206,175931.0)
(1,19920109,246988.0)
(1,RAIL,19980114,62408.0)
(19980102,302128.0)
(2,MAIL,19960910,64630.0)
(2,TRUCK,19980521,60186.0)
(2,FOB,19920310,59705.0)
(1,RAIL,19940820,54480.0)
(19950529,183379.0)
(MAIL,19970713,58143.0)
(2,MAIL,19920707,60906.0)
(FOB,19920721,185542.0)
(2,RAIL,19951108,59945.0)
(1,REG AIR,19980707,61567.0)
(19970806,236899.0)
(RAIL,19930929,57303.0)
(1,19970924,415773.0)
(1,SHIP,19930528,65531.0)
(1,19920802,179175.0)
(SHIP,19920609,60186.0)
(2,MAIL,19920310,55321.0)
(1,RAIL,19920921,64690.0)
(1,SHIP,19970803,63069.0)
(2,REG AIR,19951003,60486.0)
(19971030,591885.0)
(19960627,54900.0)
(1,AIR,19970326,59284.0)
(TRUCK,19931224,62347.0)
(2,19920320,248732.0)
(19970130,111663.0)
(2,SHIP,19921231,63069.0)
(MAIL,19940716,64570.0)
(SHIP,19950705,57243.0)
(TRUCK,19931215,54780.0)
(MAIL,19920916,54180.0)
(AIR,19951102,64330.0)
(2,FOB,19930526,54180.0)
(19970509,231912.0)
(1,TRUCK,19980407,59405.0)
(1,SHIP,19980226,60846.0)
(2,MAIL,19930111,121092.0)
(2,19931003,60126.0)
(2,REG AIR,19930907,125656.0)
(1,AIR,19980802,60666.0)
(1,REG AIR,19970113,124515.0)
(TRUCK,19961203,124815.0)
(19940403,110281.0)
(2,FOB,19970531,170526.0)
(TRUCK,19960907,127698.0)
(1,MAIL,19930303,60486.0)
(1,FOB,19940430,62468.0)
(RAIL,19950729,61867.0)
(FOB,19940611,54300.0)
(2,MAIL,19971116,65110.0)
(2,19940526,126917.0)
(TRUCK,19980707,62107.0)
(1,MAIL,19980515,65411.0)
(1,MAIL,19921015,122112.0)
(TRUCK,19931116,65891.0)
(2,RAIL,19970215,63069.0)
(19970103,362193.0)
(AIR,19950419,57423.0)
(SHIP,19960506,182778.0)
(AIR,19980407,120191.0)
(SHIP,19920429,64450.0)
(2,TRUCK,19931129,62468.0)
(MAIL,19970614,55621.0)
(MAIL,19960110,64210.0)
(RAIL,19940306,56942.0)
(2,FOB,19950227,63369.0)
(2,SHIP,19960616,64450.0)
(1,MAIL,19971209,64510.0)
(RAIL,19940612,56101.0)
(19920630,548698.0)
(MAIL,19931121,55441.0)
(1,RAIL,19920417,60366.0)
(1,19930225,59825.0)
(2,AIR,19920218,60486.0)
(1,19950115,118750.0)
(RAIL,19960629,128839.0)
(AIR,19970813,55140.0)
(REG AIR,19950316,126317.0)
(SHIP,19930329,62408.0)
(19931205,699463.0)
(2,REG AIR,19941121,58984.0)
(19950501,539267.0)
(SHIP,19940715,111302.0)
(TRUCK,19930621,190647.0)
(2,19940319,122653.0)
(TRUCK,19971031,63369.0)
(TRUCK,19940611,59945.0)
(19941222,368619.0)
(FOB,19960925,62948.0)
(REG AIR,19950325,122233.0)
(1,19961023,181998.0)
(REG AIR,19931029,117909.0)
(2,AIR,19920416,60846.0)
(2,SHIP,19980227,60906.0)
(TRUCK,19961023,60426.0)
(SHIP,19971108,60546.0)
(1,MAIL,19961002,57903.0)
(1,19970915,65591.0)
(2,MAIL,19980729,65290.0)
(1,19920712,176954.0)
(1,MAIL,19960210,57183.0)
(1,19960628,184220.0)
(2,19970811,235036.0)
(FOB,19941223,120071.0)
(TRUCK,19920109,115867.0)
(REG AIR,19951207,55140.0)
(19971012,650449.0)
(1,19970122,177554.0)
(TRUCK,19960501,58384.0)
(TRUCK,19941223,57963.0)
(2,AIR,19980717,58984.0)
(2,REG AIR,19930529,61026.0)
(19980706,177013.0)
(19970527,299065.0)
(1,19950502,64149.0)
(MAIL,19960912,63129.0)
(AIR,19930321,59525.0)
(AIR,19960229,64390.0)
(1,19971004,311137.0)
(RAIL,19940117,62948.0)
(2,19961019,180436.0)
(1,REG AIR,19971121,118330.0)
(2,RAIL,19950523,59044.0)
(2,19920627,113404.0)
(RAIL,19920218,122714.0)
(2,FOB,19960208,65050.0)
(2,19980720,179715.0)
(RAIL,19940621,129620.0)
(1,REG AIR,19960907,118209.0)
(1,RAIL,19980303,62227.0)
(SHIP,19980603,180316.0)
(2,19950930,187163.0)
(1,19930829,121932.0)
(1,RAIL,19920822,54360.0)
(2,SHIP,19940618,56582.0)
(19951023,708472.0)
(2,RAIL,19920319,112443.0)
(REG AIR,19980502,55321.0)
(1,AIR,19940914,62768.0)
(2,AIR,19920425,62768.0)
(1,AIR,19931031,61447.0)
(REG AIR,19950226,62888.0)
(RAIL,19970105,54480.0)
(2,FOB,19970621,120371.0)
(2,RAIL,19951216,58324.0)
(1,19950223,65771.0)
(SHIP,19960713,113465.0)
(1,REG AIR,19970915,65591.0)
(1,19961203,185842.0)
(1,TRUCK,19931014,120311.0)
(2,FOB,19961009,125236.0)
(1,FOB,19950709,57123.0)
(MAIL,19970812,65651.0)
(1,MAIL,19920322,116948.0)
(1,FOB,2.5993531E7)
(19980418,667266.0)
(SHIP,19930617,64630.0)
(MAIL,19930618,58324.0)
(1,19921207,247590.0)
(2,TRUCK,19960820,123014.0)
(1,19920307,120852.0)
(MAIL,19930113,117788.0)
(MAIL,19960804,55261.0)
(2,FOB,19951028,59705.0)
(2,AIR,19920317,65531.0)
(19921224,124935.0)
(2,RAIL,19980205,60126.0)
(1,MAIL,19960418,54900.0)
(SHIP,19950822,175571.0)
(2,FOB,19920220,59284.0)
(1,REG AIR,19951006,60306.0)
(1,19960907,670207.0)
(2,RAIL,19950901,54180.0)
(MAIL,19941120,56822.0)
(MAIL,19940419,57543.0)
(1,SHIP,19960822,55441.0)
(2,TRUCK,19970216,63189.0)
(2,MAIL,19960820,55441.0)
(2,REG AIR,19970110,56762.0)
(1,SHIP,19930924,61086.0)
(2,RAIL,19940209,126017.0)
(MAIL,19921005,61747.0)
(2,RAIL,19940920,65050.0)
(2,SHIP,19980407,54660.0)
(REG AIR,19970819,58143.0)
(2,MAIL,19920419,61927.0)
(AIR,19930303,186382.0)
(RAIL,19960106,188364.0)
(2,MAIL,19930814,61387.0)
(2,19950417,63549.0)
(1,19960817,181338.0)
(RAIL,19951214,128179.0)
(1,RAIL,19960206,60786.0)
(REG AIR,19930903,58684.0)
(TRUCK,19940620,59825.0)
(19940601,62708.0)
(FOB,19970122,176293.0)
(1,FOB,19970905,58444.0)
(SHIP,19951010,59405.0)
(1,FOB,19940926,58924.0)
(2,19970307,62408.0)
(2,FOB,19921210,63909.0)
(2,REG AIR,19920106,61807.0)
(1,TRUCK,19930303,57303.0)
(2,TRUCK,19941010,182599.0)
(RAIL,19931108,62468.0)
(MAIL,19930915,55501.0)
(2,TRUCK,19940525,121932.0)
(2,FOB,19920914,54240.0)
(1,19960123,63489.0)
(2,REG AIR,19920511,60366.0)
(2,SHIP,19920430,54360.0)
(1,TRUCK,19970813,57783.0)
(2,AIR,19960214,115086.0)
(2,19921022,124154.0)
(REG AIR,19960829,126978.0)
(2,19980414,180376.0)
(FOB,19970104,56522.0)
(1,REG AIR,19971031,61987.0)
(SHIP,19980621,119230.0)
(1,19951114,61747.0)
(2,REG AIR,19951030,54120.0)
(FOB,19950520,58804.0)
(2,19940409,64690.0)
(1,REG AIR,19931224,56702.0)
(1,RAIL,19950513,60606.0)
(2,SHIP,19971218,63549.0)
(2,RAIL,19930129,63249.0)
(1,FOB,19920621,61086.0)
(2,19960731,58023.0)
(1,19971130,174371.0)
(1,19931125,357090.0)
(FOB,19961113,55441.0)
(AIR,19970426,121452.0)
(RAIL,19961213,181878.0)
(19950411,300027.0)
(19920117,301470.0)
(SHIP,19950714,128720.0)
(1,SHIP,19940202,58744.0)
(REG AIR,19920210,61327.0)
(19960906,475959.0)
(19930404,852925.0)
(1,19920703,176773.0)
(RAIL,19950323,54180.0)
(AIR,19961219,56762.0)
(SHIP,19960812,115986.0)
(MAIL,19930708,60546.0)
(2,FOB,19950821,186262.0)
(1,REG AIR,19961023,65651.0)
(RAIL,19940810,61207.0)
(1,FOB,19930530,65531.0)
(1,19960312,66012.0)
(2,AIR,19931126,54660.0)
(2,SHIP,19950617,56642.0)
(2,19950327,63729.0)
(REG AIR,19920102,63549.0)
(1,AIR,19950922,120371.0)
(MAIL,19980424,64750.0)
(FOB,19931125,55020.0)
(FOB,19960727,56582.0)
(FOB,19930504,64390.0)
(2,MAIL,19930120,62888.0)
(REG AIR,19930525,177134.0)
(1,19930405,247949.0)
(1,TRUCK,19920827,113704.0)
(1,SHIP,19980316,63729.0)
(1,RAIL,19941117,65411.0)
(2,TRUCK,19970324,59164.0)
(2,19950822,476258.0)
(1,FOB,19920306,123674.0)
(SHIP,19960821,180497.0)
(1,TRUCK,19960229,62528.0)
(1,RAIL,19960927,62047.0)
(19960131,283089.0)
(1,MAIL,19960814,56882.0)
(MAIL,19950904,60426.0)
(2,FOB,19930102,61447.0)
(REG AIR,19930417,64870.0)
(1,19930603,119470.0)
(SHIP,19930905,56882.0)
(2,19921121,59705.0)
(REG AIR,19921101,57423.0)
(SHIP,4.95254E7)
(MAIL,19950607,60786.0)
(1,AIR,19930618,60786.0)
(2,MAIL,19961216,62648.0)
(19930602,241583.0)
(1,AIR,19920114,65110.0)
(1,REG AIR,19940602,56101.0)
(RAIL,19920416,61207.0)
(2,REG AIR,19980407,57903.0)
(1,RAIL,19960512,114246.0)
(19940926,728051.0)
(1,19960420,64870.0)
(2,AIR,19940630,191788.0)
(2,RAIL,19930903,61747.0)
(2,19960317,243985.0)
(2,RAIL,19970819,55140.0)
(19971120,227589.0)
(2,FOB,19921021,65411.0)
(2,RAIL,19940506,61026.0)
(2,MAIL,19930526,59525.0)
(1,RAIL,19920219,56281.0)
(2,SHIP,19950923,64210.0)
(TRUCK,19921207,60126.0)
(MAIL,19931202,54300.0)
(2,MAIL,19970324,128900.0)
(1,REG AIR,19920325,113224.0)
(AIR,19980515,118449.0)
(MAIL,19941030,59825.0)
(1,RAIL,19970313,59164.0)
(2,REG AIR,19941211,177913.0)
(1,SHIP,19920907,60066.0)
(FOB,19930829,65771.0)
(2,19980117,125296.0)
(2,FOB,19940921,64450.0)
(TRUCK,19940107,56702.0)
(1,MAIL,19940717,65471.0)
(2,SHIP,19940627,63849.0)
(2,TRUCK,19961009,59825.0)
(AIR,19930411,58444.0)
(1,REG AIR,19960817,61567.0)
(1,FOB,19960311,59825.0)
(SHIP,19960209,55741.0)
(1,19930324,121992.0)
(2,SHIP,19930628,56822.0)
(1,FOB,19930521,56341.0)
(1,REG AIR,19970221,61867.0)
(19920801,350483.0)
(2,TRUCK,19930111,58684.0)
(2,19930329,182959.0)
(MAIL,19930717,64810.0)
(AIR,19980506,171067.0)
(2,MAIL,19980206,55921.0)
(2,19971225,54660.0)
(2,19940904,64990.0)
(2,19980603,181997.0)
(1,FOB,19931124,64570.0)
(2,AIR,19950224,55981.0)
(2,19920618,193169.0)
(1,19961104,128059.0)
(1,SHIP,19941120,122052.0)
(RAIL,19920713,59705.0)
(SHIP,19920113,127397.0)
(2,TRUCK,19980323,56882.0)
(AIR,19940618,63189.0)
(1,19950304,182299.0)
(1,FOB,19970103,58744.0)
(19931007,55080.0)
(TRUCK,19960817,61447.0)
(19930611,231553.0)
(19970725,415113.0)
(FOB,19971112,121092.0)
(2,TRUCK,19940101,110821.0)
(2,RAIL,19950316,125776.0)
(1,SHIP,19940608,56402.0)
(2,19950714,128720.0)
(REG AIR,19930309,58444.0)
(19930729,117548.0)
(1,19970807,301168.0)
(MAIL,19980316,167524.0)
(1,19951222,293661.0)
(1,MAIL,19930907,61387.0)
(2,19920113,240021.0)
(FOB,19960330,63189.0)
(2,19960920,364896.0)
(1,SHIP,19980523,120851.0)
(2,TRUCK,19980305,57123.0)
(2,REG AIR,19940717,170705.0)
(19960618,307834.0)
(19961112,430848.0)
(2,REG AIR,19920917,64630.0)
(2,REG AIR,19970309,54120.0)
(REG AIR,19960522,113824.0)
(RAIL,19920821,179897.0)
(RAIL,19920425,65651.0)
(AIR,19920304,118270.0)
(SHIP,19971225,63789.0)
(MAIL,19930311,61987.0)
(TRUCK,19940206,116467.0)
(TRUCK,19940909,58984.0)
(1,AIR,19980703,57483.0)
(FOB,19931224,125716.0)
(SHIP,19970604,61567.0)
(1,19960718,54060.0)
(2,MAIL,19961009,60606.0)
(2,TRUCK,19940327,58143.0)
(2,RAIL,19931218,63909.0)
(2,RAIL,19941109,65471.0)
(REG AIR,19980430,60786.0)
(1,19971202,57063.0)
(1,19980707,231673.0)
(SHIP,19980108,126497.0)
(19960816,349642.0)
(2,TRUCK,19920815,123194.0)
(2,19940715,177133.0)
(1,AIR,19931130,63669.0)
(1,TRUCK,19950509,56341.0)
(1,SHIP,19931130,63849.0)
(2,19980108,178634.0)
(1,TRUCK,19920601,57543.0)
(MAIL,19961029,63429.0)
(2,MAIL,19921030,64990.0)
(TRUCK,19920802,58564.0)
(2,TRUCK,19920707,60006.0)
(1,19970528,289036.0)
(1,SHIP,19951011,65651.0)
(AIR,19950716,185480.0)
(1,19950430,186983.0)
(TRUCK,19980518,62708.0)
(1,19931017,122353.0)
(1,MAIL,19980704,58624.0)
(1,AIR,19920420,64390.0)
(TRUCK,19940819,65170.0)
(1,SHIP,19950526,65290.0)
(1,19940602,355588.0)
(2,19970424,235457.0)
(1,SHIP,19930311,62708.0)
(2,SHIP,19980515,54600.0)
(2,19940625,57843.0)
(1,AIR,19970830,61267.0)
(FOB,19960501,59104.0)
(2,19960830,229752.0)
(RAIL,19930127,114786.0)
(2,19950228,120491.0)
(2,RAIL,19940911,57063.0)
(AIR,19941202,61927.0)
(AIR,19951120,64990.0)
(1,AIR,19950904,181157.0)
(1,19931116,65891.0)
(1,SHIP,19960507,60846.0)
(1,19920929,63849.0)
(1,TRUCK,19951030,55321.0)
(19920324,238460.0)
(1,FOB,19971012,55441.0)
(1,SHIP,19961001,118329.0)
(1,FOB,19960906,64270.0)
(2,AIR,19971230,64990.0)
(2,AIR,19941215,63129.0)
(1,TRUCK,19930916,63249.0)
(1,19930117,362614.0)
(2,AIR,19961006,57063.0)
(1,19951123,57003.0)
(TRUCK,19951015,57303.0)
(19970905,366399.0)
(19970419,239541.0)
(RAIL,19920506,63969.0)
(SHIP,19970316,65170.0)
(AIR,19970525,118749.0)
(FOB,19980130,64570.0)
(2,TRUCK,19940804,57183.0)
(FOB,19960907,58444.0)
(2,19961208,65891.0)
(SHIP,19920519,63969.0)
(1,RAIL,19960404,54840.0)
(1,19930810,193288.0)
(1,TRUCK,19970804,119650.0)
(FOB,19940206,59104.0)
(AIR,19980128,59585.0)
(2,19930617,56582.0)
(RAIL,19931126,119530.0)
(2,TRUCK,19970513,119770.0)
(1,SHIP,19920510,58564.0)
(FOB,19920307,65471.0)
(FOB,19961212,115927.0)
(2,19920429,253655.0)
(REG AIR,19960810,119169.0)
(19930521,531939.0)
(RAIL,19940630,120311.0)
(1,SHIP,19920411,62648.0)
(19930116,303029.0)
(TRUCK,19931017,122353.0)
(1,MAIL,19970813,60486.0)
(19950709,118209.0)
(1,REG AIR,19960303,62948.0)
(1,AIR,19970803,112864.0)
(19920829,129801.0)
(REG AIR,19951216,64810.0)
(AIR,19970912,120912.0)
(SHIP,19940427,122233.0)
(AIR,19970705,57303.0)
(1,19930108,61567.0)
(1,MAIL,19940627,63249.0)
(1,RAIL,19951107,65471.0)
(REG AIR,19931119,182118.0)
(1,19930720,176052.0)
(TRUCK,19921009,65170.0)
(2,19920609,174070.0)
(TRUCK,19930126,56462.0)
(1,19920325,173169.0)
(1,TRUCK,19930808,60126.0)
(2,MAIL,19970306,64450.0)
(REG AIR,19941208,65471.0)
(1,19941223,129140.0)
(2,RAIL,19920409,56762.0)
(1,REG AIR,19951204,57963.0)
(2,AIR,19930325,114365.0)
(19931115,556803.0)
(FOB,19950304,60786.0)
(19930305,127758.0)
(1,FOB,19930404,59044.0)
(AIR,19920430,55020.0)
(2,FOB,19960820,181277.0)
(REG AIR,19950505,127037.0)
(1,FOB,19980724,60306.0)
(FOB,19961203,61627.0)
(REG AIR,19921002,62287.0)
(2,19940814,176472.0)
(2,SHIP,19971209,60126.0)
(19960915,118329.0)
(2,RAIL,19920805,125596.0)
(2,19970730,117789.0)
(1,RAIL,19921119,63969.0)
(1,RAIL,19950207,55501.0)
(1,RAIL,19961007,61627.0)
(FOB,19970924,124095.0)
(19970220,518127.0)
(2,SHIP,19930123,126857.0)
(1,MAIL,19931014,58083.0)
(MAIL,19940617,62648.0)
(2,19960803,424121.0)
(2,TRUCK,19931228,65831.0)
(1,FOB,19920315,57123.0)
(1,REG AIR,19951114,61747.0)
(1,RAIL,19940604,59284.0)
(19961004,65230.0)
(2,FOB,19950515,60486.0)
(2,RAIL,19960504,59765.0)
(1,SHIP,19970821,56702.0)
(MAIL,19960101,57903.0)
(2,19920519,56281.0)
(2,19950507,184101.0)
(AIR,19930312,61987.0)
(SHIP,19920320,114425.0)
(FOB,19970113,58744.0)
(1,REG AIR,19980112,57723.0)
(AIR,19951030,60846.0)
(1,SHIP,19961010,56161.0)
(AIR,19970228,63789.0)
(2,SHIP,19980128,54360.0)
(REG AIR,19920823,60306.0)
(2,TRUCK,19970928,54540.0)
(2,REG AIR,19921231,64029.0)
(1,MAIL,19920601,65531.0)
(2,AIR,19970213,58624.0)
(FOB,19930126,62828.0)
(2,TRUCK,19920310,55441.0)
(RAIL,19930325,59645.0)
(1,MAIL,19930628,62588.0)
(2,19930130,64089.0)
(2,19940120,64630.0)
(1,19970221,186622.0)
(SHIP,19970712,118689.0)
(2,19960209,119290.0)
(TRUCK,19971004,62167.0)
(SHIP,19931021,62588.0)
(2,19931210,123434.0)
(MAIL,19940130,55020.0)
(AIR,19971010,55080.0)
(19960609,318285.0)
(19920603,1305225.0)
(REG AIR,19920409,60846.0)
(REG AIR,19971106,65050.0)
(FOB,19971130,120311.0)
(SHIP,19961226,112683.0)
(SHIP,19940526,65831.0)
(RAIL,19940108,64149.0)
(SHIP,19980117,64810.0)
(SHIP,19950624,62347.0)
(TRUCK,19960718,54060.0)
(AIR,19930420,59224.0)
(19970518,120071.0)
(1,RAIL,19940118,61927.0)
(AIR,19960814,57963.0)
(2,FOB,19940417,57903.0)
(REG AIR,19960612,123374.0)
(2,19971009,57903.0)
(2,19920221,59344.0)
(1,MAIL,19940609,54060.0)
(2,19941219,242063.0)
(2,SHIP,19941121,54960.0)
(2,SHIP,19931203,125536.0)
(1,MAIL,19971218,56642.0)
(19920315,661200.0)
(1,19940530,59945.0)
(1,SHIP,19940806,123855.0)
(1,TRUCK,19970912,58324.0)
(1,FOB,19970707,120672.0)
(2,19930905,180977.0)
(AIR,19920124,63849.0)
(2,19941129,372525.0)
(2,RAIL,19931029,109381.0)
(AIR,19920322,289637.0)
(1,19951204,174370.0)
(TRUCK,19931125,65411.0)
(1,TRUCK,19930817,63609.0)
(1,19970113,375466.0)
(1,19941025,115506.0)
(1,TRUCK,19940618,57423.0)
(1,19960510,55140.0)
(MAIL,19980523,60726.0)
(FOB,19960303,55861.0)
(2,19950912,116707.0)
(19970707,365499.0)
(2,TRUCK,19970126,65471.0)
(2,MAIL,19960127,120190.0)
(MAIL,19950715,57123.0)
(1,19940521,545693.0)
(1,19970104,63429.0)
(SHIP,19920906,58864.0)
(1,MAIL,19951021,60246.0)
(1,REG AIR,19920712,55381.0)
(2,MAIL,19960505,242424.0)
(SHIP,19960830,57003.0)
(1,SHIP,19930221,120310.0)
(2,19950525,249270.0)
(SHIP,19980513,57183.0)
(1,TRUCK,19950310,109860.0)
(1,TRUCK,19971209,62167.0)
(1,19961113,236777.0)
(1,SHIP,19980424,118449.0)
(1,AIR,19960507,62227.0)
(2,19970604,127518.0)
(2,FOB,19960217,59765.0)
(1,AIR,19940329,65050.0)
(AIR,19980227,121212.0)
(1,RAIL,19961025,63249.0)
(1,FOB,19970725,57123.0)
(AIR,19930529,61867.0)
(AIR,19951003,179475.0)
(1,19941124,114005.0)
(19930927,378291.0)
(19930413,293361.0)
(19951014,126557.0)
(REG AIR,19940704,57243.0)
(SHIP,19930310,65411.0)
(19960717,428807.0)
(2,AIR,19951115,60006.0)
(FOB,19970528,56522.0)
