(REG AIR,19970407,60546.0)
(2,MAIL,19980515,55741.0)
(TRUCK,19941019,115266.0)
(SHIP,19920729,64029.0)
(FOB,19940902,167044.0)
(RAIL,19930111,58324.0)
(RAIL,19970225,57783.0)
(2,TRUCK,19970110,56041.0)
(1,MAIL,19960628,58624.0)
(SHIP,19980318,62888.0)
(1,19951018,126378.0)
(AIR,19961104,62648.0)
(REG AIR,19940419,63789.0)
(1,TRUCK,19920730,126918.0)
(19940316,172389.0)
(1,SHIP,19970103,62287.0)
(RAIL,19971017,115987.0)
(1,SHIP,19970112,64330.0)
(1,19940920,363216.0)
(AIR,19960411,59525.0)
(1,MAIL,19930603,63129.0)
(RAIL,19921030,62227.0)
(2,FOB,19960210,113344.0)
(FOB,19980511,63369.0)
(2,RAIL,19940202,190286.0)
(19980114,303511.0)
(REG AIR,19980316,126978.0)
(1,SHIP,19970725,55020.0)
(19920417,120131.0)
(19950522,307054.0)
(2,REG AIR,19970924,63009.0)
(RAIL,19940615,60426.0)
(1,TRUCK,19930603,56341.0)
(1,19950703,180256.0)
(2,MAIL,19950716,58864.0)
(1,REG AIR,19970620,119951.0)
(1,TRUCK,19950520,57423.0)
(AIR,19920703,60906.0)
(1,TRUCK,19940206,55140.0)
(1,19980313,294081.0)
(TRUCK,19920409,65230.0)
(1,AIR,19970310,55441.0)
(19931208,245487.0)
(1,MAIL,19971121,113164.0)
(2,AIR,19960901,61447.0)
(RAIL,19970531,57183.0)
(2,FOB,19921114,59885.0)
(RAIL,19960505,61447.0)
(RAIL,19980107,121752.0)
(TRUCK,19931227,62408.0)
(SHIP,19971129,56702.0)
(1,RAIL,19931210,117248.0)
(2,AIR,19940921,58023.0)
(SHIP,19930115,62107.0)
(2,19931222,58804.0)
(2,REG AIR,19930504,54300.0)
(1,FOB,19960314,57843.0)
(RAIL,19961027,180917.0)
(19930830,287414.0)
(1,MAIL,19960907,58624.0)
(2,REG AIR,19940909,59284.0)
(2,19980129,181397.0)
(1,19940614,62888.0)
(2,RAIL,19980730,186082.0)
(1,REG AIR,19950802,57183.0)
(REG AIR,19980730,60366.0)
(MAIL,19920306,125717.0)
(1,SHIP,19960609,130041.0)
(1,SHIP,19961112,58684.0)
(SHIP,19930205,63609.0)
(RAIL,19930526,180797.0)
(FOB,19940326,180557.0)
(2,19940420,57603.0)
(1,REG AIR,19960522,55801.0)
(1,19960810,183679.0)
(1,TRUCK,19970924,54660.0)
(2,MAIL,19970408,125836.0)
(MAIL,19970617,56882.0)
(TRUCK,19971106,125116.0)
(1,REG AIR,19930525,119891.0)
(2,19980714,117908.0)
(19970223,231073.0)
(FOB,19930408,55981.0)
(1,FOB,19980330,122834.0)
(AIR,19930126,54240.0)
(19940523,117068.0)
(2,TRUCK,2.7416678E7)
(1,RAIL,19930428,61627.0)
(TRUCK,19980313,54720.0)
(1,19950325,243506.0)
(1,FOB,19940514,63669.0)
(1,TRUCK,19930504,62828.0)
(1,19960522,240441.0)
(1,FOB,19940424,63189.0)
(AIR,19920712,57123.0)
(19960512,732797.0)
(2,19980507,246387.0)
(RAIL,19971125,56762.0)
(REG AIR,19920312,57603.0)
(1,19980205,62107.0)
(2,19960112,57123.0)
(RAIL,19920923,64510.0)
(SHIP,19930223,65891.0)
(19980709,191667.0)
(2,SHIP,19980626,120791.0)
(AIR,19971130,65531.0)
(1,AIR,19980418,125897.0)
(2,SHIP,19930603,65891.0)
(1,TRUCK,19980626,60486.0)
(1,FOB,19930128,56101.0)
(1,SHIP,19920801,64149.0)
(1,19930309,252754.0)
(2,FOB,19970101,65230.0)
(REG AIR,19920411,128719.0)
(FOB,19971106,111062.0)
(MAIL,19951113,65350.0)
(1,AIR,19970806,57123.0)
(1,19951108,124875.0)
(2,AIR,19970928,59284.0)
(REG AIR,19930609,64870.0)
(1,REG AIR,19940506,117429.0)
(AIR,19940909,111121.0)
(RAIL,19930102,61327.0)
(2,19980318,238760.0)
(1,MAIL,19951015,121272.0)
(2,REG AIR,19971202,62408.0)
(2,MAIL,19970228,56942.0)
(2,19950302,246507.0)
(SHIP,19960112,57183.0)
(RAIL,19941010,183439.0)
(19960413,113164.0)
(2,AIR,19961117,61747.0)
(1,19960504,117007.0)
(MAIL,19920621,234015.0)
(2,RAIL,19950319,65651.0)
(1,FOB,19921029,55020.0)
(2,SHIP,19980130,61207.0)
(2,REG AIR,19980419,58624.0)
(RAIL,19950317,64450.0)
(1,AIR,19930521,63909.0)
(2,MAIL,19940627,56462.0)
(2,19961120,672912.0)
(TRUCK,19931218,57303.0)
(SHIP,19980723,55381.0)
(2,FOB,19941202,65350.0)
(1,RAIL,19960317,127038.0)
(2,SHIP,19961212,59705.0)
(1,FOB,19930821,54120.0)
(2,TRUCK,19971010,174310.0)
(2,REG AIR,19961113,63969.0)
(AIR,19960907,298044.0)
(2,19941221,117969.0)
(RAIL,19920419,124335.0)
(2,19951031,125896.0)
(2,19950816,120852.0)
(REG AIR,19980424,303029.0)
(RAIL,19930904,294502.0)
(2,19950717,173109.0)
(1,19960612,58504.0)
(1,19941019,423820.0)
(TRUCK,19930129,57603.0)
(1,REG AIR,19961107,65050.0)
(AIR,19970924,185902.0)
(1,19931029,56582.0)
(AIR,19970429,59705.0)
(1,19941217,354507.0)
(1,AIR,19920324,113224.0)
(REG AIR,19920916,54180.0)
(1,TRUCK,19950430,63909.0)
(RAIL,19960703,56642.0)
(19930317,607261.0)
(1,MAIL,19930720,57423.0)
(1,MAIL,19930126,64149.0)
(1,AIR,19971012,63309.0)
(1,MAIL,19940521,58864.0)
(2,REG AIR,19930126,122413.0)
(19941117,414752.0)
(2,MAIL,19931014,54960.0)
(2,19940718,234316.0)
(2,FOB,19950923,65471.0)
(REG AIR,19950319,235457.0)
(19980420,64870.0)
(1,19921002,171367.0)
(1,MAIL,19971004,62287.0)
(AIR,19940602,120672.0)
(TRUCK,19960207,119531.0)
(2,REG AIR,19921207,116287.0)
(2,19951013,64990.0)
(SHIP,19940826,65170.0)
(1,REG AIR,19930507,59945.0)
(2,FOB,19970309,119230.0)
(2,19921214,170706.0)
(2,FOB,19980506,65230.0)
(1,TRUCK,19930810,64089.0)
(AIR,19930829,57723.0)
(19921029,109800.0)
(REG AIR,19971226,55381.0)
(RAIL,19980314,55321.0)
(2,19970706,308194.0)
(2,FOB,19970408,64570.0)
(1,MAIL,19970924,63849.0)
(2,REG AIR,19950223,54780.0)
(2,19970210,177853.0)
(1,REG AIR,19960612,58504.0)
(TRUCK,19961116,64930.0)
(1,19980629,127818.0)
(AIR,19960510,55501.0)
(2,19950618,244766.0)
(1,MAIL,19960826,59525.0)
(2,19950320,117789.0)
(FOB,19960405,64870.0)
(1,19930417,298526.0)
(SHIP,19921007,115326.0)
(1,SHIP,19970824,60126.0)
(RAIL,19921003,303091.0)
(1,AIR,19920603,60546.0)
(2,RAIL,19931130,121453.0)
(1,FOB,19940118,183679.0)
(1,19971214,188364.0)
(1,AIR,19921008,124035.0)
(1,TRUCK,19970807,127819.0)
(FOB,19960522,65711.0)
(2,19971129,114605.0)
(1,19950604,467309.0)
(TRUCK,19920102,116648.0)
(SHIP,19930331,57063.0)
(2,FOB,19951102,61807.0)
(2,RAIL,19941120,62167.0)
(1,TRUCK,19931125,65411.0)
(1,MAIL,19930702,54060.0)
(MAIL,19950916,183020.0)
(2,19930331,178816.0)
(REG AIR,19940103,130761.0)
(1,RAIL,19950228,124214.0)
(1,19960126,175331.0)
(MAIL,19931205,170527.0)
(FOB,19971214,64149.0)
(1,REG AIR,19950226,62888.0)
(1,SHIP,19951113,64450.0)
(2,REG AIR,19960501,55621.0)
(RAIL,19950407,59164.0)
(2,AIR,19940417,65831.0)
(1,AIR,19970617,62828.0)
(19950513,418175.0)
(2,SHIP,19941124,59525.0)
(1,MAIL,19920703,121032.0)
(2,19941212,188545.0)
(2,AIR,19920130,61207.0)
(1,19931119,243144.0)
(1,19920102,529779.0)
(19951017,367720.0)
(2,19940312,120131.0)
(1,REG AIR,19941217,127278.0)
(1,19931227,121213.0)
(MAIL,19940926,119470.0)
(2,19950726,297022.0)
(2,AIR,19920824,59765.0)
(2,AIR,19941010,61987.0)
(TRUCK,19970404,121092.0)
(REG AIR,19931004,65290.0)
(1,FOB,19940109,57843.0)
(FOB,19970404,64990.0)
(1,FOB,19940505,169025.0)
(AIR,19950430,60246.0)
(SHIP,19930106,118149.0)
(19971204,293600.0)
(SHIP,19930629,189025.0)
(19920219,233355.0)
(AIR,19971004,126437.0)
(19960305,428505.0)
(2,MAIL,19941211,183619.0)
(2,RAIL,19931004,124755.0)
(1,REG AIR,19951018,63309.0)
(2,REG AIR,19961212,65471.0)
(1,19980421,241103.0)
(RAIL,19960208,119770.0)
(MAIL,19940728,60546.0)
(1,19940326,237680.0)
(2,19960301,245246.0)
(TRUCK,19950316,61927.0)
(2,19930421,453796.0)
(1,RAIL,19931229,54600.0)
(AIR,19930720,57663.0)
(1,FOB,19971114,56341.0)
(2,19960617,235517.0)
(1,AIR,19931007,55080.0)
(MAIL,19980724,55621.0)
(FOB,19920805,123434.0)
(FOB,19930417,58924.0)
(RAIL,19970414,61627.0)
(1,FOB,19971213,129860.0)
(TRUCK,19950703,59945.0)
(19930821,365799.0)
(19940307,118569.0)
(1,FOB,19940901,127157.0)
(1,SHIP,19930927,60426.0)
(19980411,241643.0)
(AIR,19961212,182599.0)
(FOB,19970620,182958.0)
(19930920,661200.0)
(2,AIR,19960622,59284.0)
(SHIP,19920918,58984.0)
(MAIL,19940430,57183.0)
(TRUCK,19980629,63849.0)
(FOB,19980421,62468.0)
(FOB,19930228,60246.0)
(AIR,19970410,54540.0)
(REG AIR,19940202,113764.0)
(2,SHIP,19920712,55501.0)
(MAIL,19971012,113164.0)
(1,SHIP,19931115,114245.0)
(MAIL,19930602,65531.0)
(AIR,19980130,57243.0)
(FOB,19960612,59885.0)
(MAIL,19950222,431329.0)
(19931019,185361.0)
(2,TRUCK,19940906,56702.0)
(2,TRUCK,19970813,59104.0)
(1,AIR,19930611,54120.0)
(1,AIR,19971030,56762.0)
(RAIL,19940327,184701.0)
(2,AIR,19950227,59284.0)
(19970214,354687.0)
(MAIL,19940313,55020.0)
(AIR,19980112,54660.0)
(SHIP,19940925,65531.0)
(19951107,582938.0)
(2,FOB,19950509,59405.0)
(1,TRUCK,19931116,65891.0)
(1,SHIP,19920207,62227.0)
(1,AIR,19920315,63609.0)
(2,RAIL,19940329,62708.0)
(AIR,19930702,61747.0)
(19930506,237198.0)
(1,FOB,19951107,111243.0)
(2,19930818,60006.0)
(19950919,245486.0)
(1,REG AIR,19930417,64870.0)
(2,TRUCK,19920511,64690.0)
(2,19930809,112323.0)
(2,19970319,176413.0)
(RAIL,19940408,114605.0)
(MAIL,19980102,60726.0)
(2,FOB,19970804,62468.0)
(2,19930115,179595.0)
(19920714,414332.0)
(1,19940902,184460.0)
(FOB,19951018,64390.0)
(REG AIR,19920501,185422.0)
(TRUCK,19940227,124755.0)
(2,TRUCK,19950617,63669.0)
(REG AIR,19960318,64810.0)
(1,TRUCK,19940107,56702.0)
(2,MAIL,19931221,116107.0)
(1,AIR,19970220,57783.0)
(2,19940826,65170.0)
(SHIP,19931222,117428.0)
(SHIP,19930818,57783.0)
(1,19920508,120972.0)
(REG AIR,19931130,61927.0)
(2,19980624,121632.0)
(2,19940213,189205.0)
(19920921,426104.0)
(1,SHIP,19971229,57903.0)
(MAIL,19960618,64630.0)
(1,TRUCK,19930225,59825.0)
(1,SHIP,19980102,54600.0)
(2,19970814,57363.0)
(AIR,19930108,61026.0)
(2,FOB,19930411,58624.0)
(2,AIR,19940507,65651.0)
(REG AIR,19930104,56041.0)
(2,RAIL,19940518,60126.0)
(RAIL,19950911,123434.0)
(MAIL,19971120,54300.0)
(1,REG AIR,19950316,126317.0)
(2,RAIL,19940419,57423.0)
(TRUCK,19961107,61387.0)
(RAIL,19960910,128359.0)
(2,19920620,120130.0)
(TRUCK,19980322,125596.0)
(FOB,19930507,54060.0)
(1,FOB,19940929,58744.0)
(RAIL,19920310,59224.0)
(1,AIR,19920513,118749.0)
(1,19950802,183260.0)
(2,TRUCK,19970309,116227.0)
(2,TRUCK,19980506,57783.0)
(19920110,55261.0)
(2,RAIL,19941229,61327.0)
(1,19931010,164341.0)
(REG AIR,19941120,120191.0)
(19960314,719521.0)
(19970106,306031.0)
(1,19961125,62708.0)
(19940820,421238.0)
(1,REG AIR,19980313,64990.0)
(1,19930516,57243.0)
(2,FOB,19970426,122113.0)
(AIR,19951204,64810.0)
(SHIP,19950726,59164.0)
(1,TRUCK,19970113,65110.0)
(1,19930525,432590.0)
(MAIL,19970509,56341.0)
(1,SHIP,19970220,61327.0)
(19920408,414152.0)
(1,19940506,360094.0)
(RAIL,19970315,59645.0)
(AIR,19930810,63969.0)
(2,REG AIR,19980518,59645.0)
(RAIL,19921229,58564.0)
(AIR,19951006,126136.0)
(FOB,19920102,179535.0)
(REG AIR,19940518,55441.0)
(RAIL,19970216,173169.0)
(1,REG AIR,19960810,119169.0)
(1,19941109,180436.0)
(1,AIR,19980120,61026.0)
(2,MAIL,19950310,64750.0)
(RAIL,19950821,122834.0)
(1,SHIP,19940331,63069.0)
(MAIL,19940412,65170.0)
(2,FOB,19921006,65170.0)
(1,TRUCK,19960718,54060.0)
(1,SHIP,19960429,116467.0)
(MAIL,19941123,122293.0)
(REG AIR,19960417,62948.0)
(19950504,415293.0)
(1,19980124,116106.0)
(FOB,19931218,58744.0)
(1,REG AIR,19970404,124214.0)
(1,SHIP,19970617,187104.0)
(2,19920413,114305.0)
(2,19930205,127758.0)
(RAIL,19960820,248370.0)
(2,TRUCK,19920601,124275.0)
(19940901,305732.0)
(TRUCK,19930507,60666.0)
(1,SHIP,19980418,121032.0)
(2,19920819,247289.0)
(2,AIR,19940408,54600.0)
(RAIL,19940921,116287.0)
(19950108,297444.0)
(1,MAIL,19980707,54240.0)
(RAIL,19970603,108720.0)
(1,TRUCK,19940819,65170.0)
(1,AIR,19920207,55861.0)
(1,MAIL,19980112,54240.0)
(RAIL,19960802,115926.0)
(FOB,19960126,61927.0)
(SHIP,19920422,126678.0)
(19940505,1305225.0)
(19960107,350783.0)
(19941126,300747.0)
(2,MAIL,19950617,57183.0)
(MAIL,19921026,56582.0)
(2,19970607,174731.0)
(1,19920904,121212.0)
(RAIL,19940525,127999.0)
(MAIL,19951023,350122.0)
(1,MAIL,19951204,116407.0)
(MAIL,19920117,61207.0)
(2,TRUCK,19940627,60006.0)
(1,TRUCK,19961203,62768.0)
(REG AIR,19980208,121392.0)
(2,19940321,58444.0)
(SHIP,19970607,58264.0)
(19970412,312940.0)
(2,MAIL,19930303,60546.0)
(1,TRUCK,19970302,126437.0)
(SHIP,19970526,179596.0)
(1,FOB,19941027,60066.0)
(AIR,19920721,62948.0)
(1,REG AIR,19950505,65951.0)
(2,SHIP,19930504,63729.0)
(2,19941005,123374.0)
(SHIP,19970111,66012.0)
(2,AIR,19970324,62888.0)
(1,19970404,352524.0)
(2,19950519,182718.0)
(FOB,19940506,191248.0)
(1,19980511,117609.0)
(1,FOB,19930830,60306.0)
(SHIP,19950104,57843.0)
(FOB,19931227,176653.0)
(MAIL,19930116,60306.0)
(2,FOB,19931014,55501.0)
(FOB,19950721,57543.0)
(1,MAIL,19961212,57843.0)
(FOB,19961107,241222.0)
(2,MAIL,19960328,61807.0)
(FOB,19960928,54120.0)
(2,REG AIR,19970807,121213.0)
(1,MAIL,19940602,56822.0)
(SHIP,19950519,186983.0)
(REG AIR,19980721,115926.0)
(2,AIR,19921012,57303.0)
(2,AIR,19971116,57843.0)
(TRUCK,19930903,64810.0)
(SHIP,19980714,64990.0)
(2,AIR,19980107,61267.0)
(19940730,171248.0)
(2,SHIP,19961203,62948.0)
(RAIL,19950515,59885.0)
(1,SHIP,19931124,55080.0)
(RAIL,19940930,122713.0)
(1,REG AIR,19950820,59164.0)
(MAIL,19950105,59645.0)
(1,REG AIR,19971214,61507.0)
(1,RAIL,19970316,60906.0)
(MAIL,19970103,114064.0)
(1,19950901,300267.0)
(19980402,242543.0)
(1,19921219,113044.0)
(2,FOB,19970525,63009.0)
(1,RAIL,19950822,55080.0)
(REG AIR,19961218,115086.0)
(2,RAIL,19940914,61447.0)
(TRUCK,19970828,59344.0)
(2,SHIP,19941106,59224.0)
(2,19930430,126557.0)
(2,TRUCK,19961219,57603.0)
(1,TRUCK,19940611,59945.0)
(1,FOB,19980411,64930.0)
(1,MAIL,19930117,64690.0)
(1,MAIL,19970113,62227.0)
(2,19921007,243505.0)
(RAIL,19921120,63969.0)
(19961016,298887.0)
(RAIL,19940831,60546.0)
(SHIP,19980129,57063.0)
(1,MAIL,19920721,57303.0)
(AIR,19940819,64630.0)
(19950216,430007.0)
(TRUCK,19931119,241944.0)
(2,19960923,61687.0)
(19971231,301528.0)
(2,RAIL,19940527,58984.0)
(2,19920710,111422.0)
(SHIP,19940420,60306.0)
(MAIL,19930404,246566.0)
(2,TRUCK,19980704,60966.0)
(SHIP,19950924,58624.0)
(1,SHIP,19960311,63909.0)
(2,19961012,238640.0)
(2,REG AIR,19931017,63849.0)
(1,TRUCK,19960826,54960.0)
(2,RAIL,19961218,64990.0)
(FOB,19940209,58804.0)
(2,TRUCK,19951201,58143.0)
(1,19971115,185722.0)
(TRUCK,19950721,60726.0)
(19960125,245968.0)
(2,REG AIR,19951222,60666.0)
(1,19930507,242843.0)
(MAIL,19970725,117969.0)
(1,FOB,19940820,126738.0)
(2,19970616,54540.0)
(2,RAIL,19960813,174671.0)
(1,REG AIR,19920102,63549.0)
(2,19920107,119410.0)
(1,RAIL,19930923,181998.0)
(2,SHIP,19980617,58504.0)
(FOB,19950226,60606.0)
(1,RAIL,19970514,116768.0)
(1,RAIL,19920113,64930.0)
(19921227,116107.0)
(MAIL,19951014,65411.0)
(1,SHIP,19920315,121692.0)
(2,TRUCK,19930123,65711.0)
(19960422,406043.0)
(19980312,63969.0)
(REG AIR,19930131,241162.0)
(2,19920503,54240.0)
(2,19920828,128419.0)
(REG AIR,19950922,128238.0)
(2,TRUCK,19921024,57843.0)
(1,MAIL,19950430,62828.0)
(1,AIR,19970527,62588.0)
(SHIP,19960914,117789.0)
(1,REG AIR,19950604,175331.0)
(19920101,294800.0)
(2,SHIP,19960826,56341.0)
(2,AIR,19970531,126257.0)
(1,MAIL,19971031,56702.0)
(1,FOB,19980619,55020.0)
(1,SHIP,19940313,57003.0)
(1,19970215,120912.0)
(2,RAIL,19970731,57543.0)
(TRUCK,19921110,115927.0)
(RAIL,19950704,117669.0)
(2,19930313,412109.0)
(2,REG AIR,19940521,127277.0)
(19970115,183740.0)
(SHIP,19960815,59645.0)
(AIR,19930324,59825.0)
(1,MAIL,19920802,56882.0)
(TRUCK,19921002,173290.0)
(AIR,19951222,56402.0)
(RAIL,19970513,62408.0)
(2,19920215,367719.0)
(MAIL,19930611,54720.0)
(2,SHIP,19980112,60246.0)
(AIR,19940521,112323.0)
(MAIL,19920405,62528.0)
(2,TRUCK,19950518,124935.0)
(1,REG AIR,19930309,58444.0)
(2,TRUCK,19941211,62828.0)
(1,RAIL,19930617,60786.0)
(REG AIR,19931031,65951.0)
(1,AIR,19950501,57783.0)
(SHIP,19980525,122173.0)
(2,REG AIR,19940819,58143.0)
(1,RAIL,19940715,65711.0)
(MAIL,19950501,59645.0)
(1,TRUCK,19951006,111723.0)
(2,FOB,19920601,58083.0)
(TRUCK,19960928,60786.0)
(19960927,125656.0)
(MAIL,19950411,64750.0)
(TRUCK,19930525,60486.0)
(1,REG AIR,19921002,62287.0)
(2,19961111,173829.0)
(2,RAIL,19920916,64750.0)
(MAIL,19930521,169446.0)
(19941216,58324.0)
(1,19920328,123434.0)
(1,RAIL,19970712,61086.0)
(1,AIR,19930413,60246.0)
(1,SHIP,19930413,57183.0)
(FOB,19950208,119110.0)
(1,RAIL,19960803,63429.0)
(TRUCK,19980511,64089.0)
(2,MAIL,19961219,63909.0)
(2,19960527,246208.0)
(1,TRUCK,19921009,65170.0)
(19961025,243565.0)
(1,SHIP,19950411,57123.0)
(2,RAIL,19940130,116347.0)
(1,19930903,188665.0)
(REG AIR,19980406,63669.0)
(2,19950924,110761.0)
(2,19920422,358171.0)
(1,19950226,359972.0)
(RAIL,19980206,59405.0)
(2,TRUCK,19950716,194491.0)
(2,TRUCK,19920124,57363.0)
(1,19950820,59164.0)
(1,FOB,19921119,111902.0)
(RAIL,19960217,55801.0)
(1,SHIP,19950826,111061.0)
(19951008,117969.0)
(MAIL,19980706,57603.0)
(2,19940925,358592.0)
(1,19960621,62408.0)
(2,FOB,19980407,166862.0)
(SHIP,19920503,113464.0)
(2,SHIP,19951204,57183.0)
(2,RAIL,19980406,111062.0)
(19970205,430307.0)
(2,REG AIR,19950412,57003.0)
(19960404,299365.0)
(2,MAIL,19930628,112983.0)
(FOB,19920319,196171.0)
(FOB,19950415,126738.0)
(AIR,19980518,62828.0)
(SHIP,19960301,63729.0)
(2,SHIP,19960907,54600.0)
(FOB,19960829,62408.0)
(2,TRUCK,19931203,60606.0)
(19950405,120611.0)
(FOB,19950325,173771.0)
(2,TRUCK,19960517,56882.0)
(FOB,19920111,63369.0)
(2,19940510,241763.0)
(MAIL,19920603,313841.0)
(TRUCK,19980502,54660.0)
(2,19970427,57003.0)
(1,MAIL,19971202,57063.0)
(19980330,618912.0)
(2,AIR,19940705,57963.0)
(19920822,286994.0)
(2,REG AIR,19970519,64390.0)
(1,19970620,312399.0)
(AIR,19930405,63429.0)
(2,RAIL,19951011,120011.0)
(1,SHIP,19950222,118809.0)
(1,19961224,302189.0)
(2,FOB,19940609,57843.0)
(REG AIR,19920628,54420.0)
(2,SHIP,19940206,54960.0)
(RAIL,19921201,65110.0)
(1,SHIP,19960618,123074.0)
(2,RAIL,19980208,123314.0)
(2,19920404,65050.0)
(2,FOB,19971209,60126.0)
(19930227,360453.0)
(TRUCK,19971115,59284.0)
(RAIL,19970306,62948.0)
(REG AIR,19950102,115506.0)
(SHIP,19930313,61267.0)
(1,REG AIR,19980421,56582.0)
(1,AIR,19931124,177614.0)
(RAIL,19920815,62588.0)
(AIR,19920505,57183.0)
(RAIL,19921210,54120.0)
(SHIP,19930421,174430.0)
(MAIL,19960429,176833.0)
(2,19961102,123134.0)
(TRUCK,19951216,60786.0)
(RAIL,19940101,120792.0)
(MAIL,19950529,60906.0)
(19971015,65591.0)
(19950531,303331.0)
(TRUCK,19960829,113404.0)
(AIR,19970104,63429.0)
(MAIL,19970121,54360.0)
(FOB,19930110,120491.0)
(1,19920210,61327.0)
(19960620,720904.0)
(SHIP,19970616,63369.0)
(FOB,19920508,117368.0)
(2,19960121,58924.0)
(2,19950609,61146.0)
(REG AIR,19920907,176533.0)
(FOB,19950802,60246.0)
(2,SHIP,19920325,59465.0)
(1,19930129,348561.0)
(REG AIR,19970731,56281.0)
(1,19921228,174732.0)
(REG AIR,19960813,120011.0)
(2,TRUCK,19970714,62588.0)
(SHIP,19960707,64270.0)
(1,SHIP,19971030,57003.0)
(2,19920927,181157.0)
(RAIL,19930715,63849.0)
(2,TRUCK,19950509,65411.0)
(2,TRUCK,19980515,183259.0)
(FOB,19930525,186322.0)
(AIR,19941016,61267.0)
(1,MAIL,19980725,58444.0)
(2,19960103,237019.0)
(1,MAIL,19931224,124516.0)
(1,19930228,110761.0)
(1,RAIL,19940517,57963.0)
(FOB,19970828,61507.0)
(1,MAIL,19920109,62528.0)
(2,REG AIR,19960628,64270.0)
(MAIL,19960311,123674.0)
(1,REG AIR,19950523,63669.0)
(1,TRUCK,19920802,58564.0)
(1,FOB,19940307,62708.0)
(2,19930412,121212.0)
(1,SHIP,19950105,60246.0)
(1,TRUCK,19931017,122353.0)
(MAIL,19960906,119591.0)
(1,RAIL,19950525,63009.0)
(19950630,65411.0)
(2,MAIL,19940618,125896.0)
(2,FOB,19921024,64510.0)
(2,RAIL,19930708,58083.0)
(AIR,19950304,182299.0)
(SHIP,19980624,124815.0)
(19960224,124154.0)
(2,19921025,245847.0)
(MAIL,19970220,114906.0)
(SHIP,19960103,63009.0)
(2,19970120,183018.0)
(MAIL,19961004,65230.0)
(1,TRUCK,19970528,116587.0)
(1,AIR,19970112,58083.0)
(1,19920319,124155.0)
(19980303,368140.0)
(2,TRUCK,19920917,124575.0)
(1,19920805,488032.0)
(AIR,19920307,65411.0)
(FOB,19930309,123193.0)
(19961205,193469.0)
(1,RAIL,19930716,63249.0)
(1,19960207,183019.0)
(1,RAIL,19950912,114605.0)
(1,TRUCK,19971031,63369.0)
(RAIL,19970928,119530.0)
(1,19951216,118329.0)
(1,FOB,19950504,65170.0)
(SHIP,19980228,115086.0)
(1,19970828,59224.0)
(2,MAIL,19931122,65471.0)
(REG AIR,19960228,57063.0)
(FOB,19950901,65350.0)
(2,REG AIR,19980617,64990.0)
(1,TRUCK,19960817,61447.0)
(RAIL,19970126,117608.0)
(2,SHIP,19960501,64029.0)
(REG AIR,19980703,61867.0)
(AIR,19930117,65471.0)
(1,SHIP,2.6277761E7)
(2,19941203,287114.0)
(2,FOB,19960111,58204.0)
(1,TRUCK,19930126,56462.0)
(2,SHIP,19940819,123914.0)
(1,REG AIR,19931029,56582.0)
(REG AIR,19940310,55020.0)
(19920516,63969.0)
(1,19930408,55981.0)
(2,AIR,19971026,122113.0)
(MAIL,19941024,60786.0)
(RAIL,19921111,61327.0)
(1,19971106,300507.0)
(19931226,466768.0)
(1,REG AIR,19950325,122233.0)
(1,TRUCK,19960501,58384.0)
(SHIP,19930430,189145.0)
(1,MAIL,19971130,54180.0)
(2,19960824,245907.0)
(SHIP,19941212,56101.0)
(2,SHIP,19971130,57243.0)
(2,19940402,63069.0)
(2,FOB,19960319,58143.0)
(1,REG AIR,19921228,57123.0)
(AIR,19930504,128839.0)
(2,TRUCK,19980227,62468.0)
(1,FOB,19950414,58624.0)
(2,REG AIR,19941106,63609.0)
(1,FOB,19920921,58924.0)
(2,FOB,19921015,55681.0)
(TRUCK,19940209,58023.0)
(19940929,485447.0)
(FOB,19941019,57903.0)
(SHIP,19920927,64870.0)
(2,19920116,57483.0)
(TRUCK,19961125,54420.0)
(TRUCK,19920805,309997.0)
(2,19970715,113585.0)
(SHIP,19940718,58804.0)
(SHIP,19930412,60846.0)
(2,MAIL,19951030,58804.0)
(19920327,423341.0)
(2,SHIP,19931215,58023.0)
(2,19930601,65350.0)
(19980619,407905.0)
(AIR,19970906,63969.0)
(FOB,19930129,57723.0)
(19940721,231073.0)
(1,19920823,118269.0)
(2,TRUCK,19970912,58684.0)
(1,MAIL,19960303,54360.0)
(2,FOB,19931221,64990.0)
(2,AIR,19970216,58143.0)
(FOB,19950604,177794.0)
(FOB,19930714,59344.0)
(RAIL,19931110,55861.0)
(FOB,19940227,57123.0)
(1,MAIL,19921216,61867.0)
(1,AIR,19951014,61146.0)
(REG AIR,19951011,55261.0)
(2,SHIP,19940620,58504.0)
(1,AIR,19940827,54120.0)
(1,SHIP,19940728,120912.0)
(2,19970111,179595.0)
(1,19930723,63189.0)
(FOB,19971115,66012.0)
(19970728,485690.0)
(1,FOB,19971204,62468.0)
(FOB,19950109,116047.0)
(2,SHIP,19931125,59885.0)
(2,19931231,128239.0)
(FOB,19960108,62167.0)
(2,MAIL,19950923,64270.0)
(2,19930728,55080.0)
(1,19980322,175571.0)
(2,TRUCK,19980407,54780.0)
(FOB,19940614,62888.0)
(2,SHIP,19920109,57003.0)
(2,FOB,19961219,58444.0)
(1,MAIL,19950610,54300.0)
(1,REG AIR,19960829,63609.0)
(2,19930223,247409.0)
(FOB,19921002,57663.0)
(2,19960806,64450.0)
(2,TRUCK,19930303,59284.0)
(2,MAIL,19940609,61327.0)
(FOB,19931010,54120.0)
(2,AIR,19930823,59224.0)
(2,RAIL,19960507,64089.0)
(FOB,19950523,57903.0)
(REG AIR,19961010,118569.0)
(1,19960630,55981.0)
(AIR,19960628,65831.0)
(FOB,19941109,66012.0)
(AIR,19950502,192148.0)
(2,FOB,19960328,62408.0)
(2,REG AIR,19920703,64990.0)
(2,19950825,254496.0)
(FOB,19970215,58804.0)
(AIR,19950520,172088.0)
(2,TRUCK,19920818,55681.0)
(1,MAIL,19960925,62287.0)
(1,FOB,19930317,58143.0)
(2,AIR,19920914,122954.0)
(AIR,19950115,118750.0)
(1,SHIP,19920603,115326.0)
(1,19931218,408085.0)
(2,FOB,19950707,114906.0)
(2,FOB,19970705,65290.0)
(1,19940209,177013.0)
(AIR,19940323,58684.0)
(1,TRUCK,19940909,58984.0)
(2,REG AIR,19980130,57963.0)
(2,AIR,19960217,56642.0)
(AIR,19970302,60126.0)
(SHIP,19961102,123134.0)
(19971213,309035.0)
(19980727,123434.0)
(2,FOB,19950716,120370.0)
(1,19970729,126016.0)
(2,19920918,172808.0)
(2,RAIL,19970830,58684.0)
(19960918,121932.0)
(1,MAIL,19931125,62888.0)
(1,TRUCK,19931215,54780.0)
(2,MAIL,19970912,60906.0)
(1,AIR,19930404,60546.0)
(1,AIR,19921026,65951.0)
(2,SHIP,19970807,125356.0)
(2,SHIP,19951006,65711.0)
(2,TRUCK,19960319,55741.0)
(2,19970517,370181.0)
(1,19970413,62047.0)
(REG AIR,19920510,54960.0)
(19940217,62227.0)
(2,SHIP,19920730,58984.0)
(1,REG AIR,19970323,62468.0)
(1,19940704,61327.0)
(19950711,175571.0)
(1,REG AIR,19971106,65050.0)
(19971114,364957.0)
(MAIL,4.9436761E7)
(AIR,19941025,56161.0)
(SHIP,19970517,185421.0)
(FOB,19930903,189746.0)
(2,19961210,126257.0)
(RAIL,19921012,115867.0)
(19940424,364296.0)
(2,FOB,19980425,61146.0)
(2,RAIL,19950913,180497.0)
(2,19920521,63729.0)
(REG AIR,19950427,60306.0)
(SHIP,19921205,58204.0)
(1,19940407,245007.0)
(REG AIR,19940617,65531.0)
(MAIL,19970905,126557.0)
(2,19980723,409227.0)
(19940118,544553.0)
(1,19950505,65951.0)
(19931109,294801.0)
(1,TRUCK,19961023,60426.0)
(19971105,117848.0)
(19950810,176773.0)
(1,FOB,19980114,62828.0)
(1,RAIL,19940319,55501.0)
(FOB,19920409,115026.0)
(REG AIR,19921203,57183.0)
(2,FOB,19980515,57543.0)
(2,MAIL,19960210,58624.0)
(2,19930629,255517.0)
(1,19950208,297625.0)
(1,MAIL,19980419,115567.0)
(AIR,19920109,59765.0)
(TRUCK,19940407,121812.0)
(19980501,248309.0)
(FOB,19960810,58444.0)
(2,REG AIR,19950502,62347.0)
(2,19980525,364297.0)
(2,19931114,167764.0)
(1,19961116,310776.0)
(1,REG AIR,19931119,126617.0)
(1,RAIL,19970127,55261.0)
(TRUCK,19970107,55501.0)
(2,19941113,236658.0)
(19930128,176353.0)
(SHIP,19970120,54900.0)
(1,AIR,19971021,62287.0)
(2,RAIL,19970515,59525.0)
(1,REG AIR,19920210,61327.0)
(2,SHIP,19930108,60126.0)
(2,FOB,19930303,65471.0)
(2,19960914,462686.0)
(19921128,61807.0)
(1,19961107,250532.0)
(MAIL,19960816,54900.0)
(2,AIR,19920707,61507.0)
(2,AIR,19930904,58864.0)
(SHIP,19961120,59465.0)
(RAIL,19980521,58804.0)
(TRUCK,19980728,115807.0)
(2,FOB,19950112,54900.0)
(1,RAIL,19920429,61447.0)
(2,SHIP,19921216,63189.0)
(2,REG AIR,19951015,55381.0)
(MAIL,19940520,57183.0)
(1,AIR,19951023,62287.0)
(2,FOB,19980416,61086.0)
(19940604,476680.0)
(AIR,19971121,113524.0)
(2,AIR,19960712,55861.0)
(2,19930511,58384.0)
(1,19920111,63369.0)
(1,19971223,62528.0)
(FOB,19961224,128419.0)
(AIR,19971031,55020.0)
(1,19940227,129740.0)
(19971123,118689.0)
(1,RAIL,19980216,171308.0)
(2,RAIL,19980505,65831.0)
(FOB,19970413,62047.0)
(2,19970526,354507.0)
(AIR,19970203,63189.0)
(19921010,351744.0)
(REG AIR,19930302,59885.0)
(2,AIR,19960910,65290.0)
(2,SHIP,19970104,55261.0)
(19951125,184881.0)
(2,19941122,239781.0)
(REG AIR,19980613,58624.0)
(19970313,297864.0)
(2,TRUCK,19920322,246449.0)
(MAIL,19971030,65891.0)
(REG AIR,19930708,169986.0)
(19970926,366039.0)
(TRUCK,19950604,227709.0)
(1,19960928,60786.0)
(2,RAIL,19980523,62528.0)
(TRUCK,19970215,60126.0)
(2,SHIP,19940521,64029.0)
(TRUCK,19921228,56041.0)
(MAIL,19970419,58924.0)
(1,AIR,19940926,186382.0)
(1,SHIP,19920630,129380.0)
(1,TRUCK,19930621,127518.0)
(REG AIR,19960309,237257.0)
(1,SHIP,19960816,61026.0)
(1,AIR,19940412,63729.0)
(AIR,19970221,116887.0)
(RAIL,19950227,170286.0)
(2,19921205,180377.0)
(SHIP,19920828,65651.0)
(1,19980728,176893.0)
(RAIL,19971116,113825.0)
(2,FOB,19920106,57483.0)
(1,RAIL,19980117,55261.0)
(2,REG AIR,19960925,57303.0)
(1,TRUCK,19931224,62347.0)
(2,SHIP,19950502,54900.0)
(2,REG AIR,19920109,58984.0)
(AIR,19970609,60306.0)
(1,AIR,19941222,65711.0)
(MAIL,19940331,55321.0)
(1,RAIL,19950327,54780.0)
(1,TRUCK,19921207,60126.0)
(19921119,716279.0)
(2,MAIL,19931203,54720.0)
(AIR,19970528,57003.0)
(REG AIR,19941229,111662.0)
(AIR,19931125,120792.0)
(RAIL,19920130,64810.0)
(FOB,19950217,57363.0)
(2,TRUCK,19980416,55321.0)
(1,RAIL,19940427,64390.0)
(1,TRUCK,19960907,127698.0)
(19961223,243565.0)
(TRUCK,19980430,57303.0)
(1,19960315,187283.0)
(MAIL,19950123,54600.0)
(AIR,19931206,55861.0)
(TRUCK,19940308,64810.0)
(2,AIR,19980305,122233.0)
(TRUCK,19930426,61267.0)
(1,REG AIR,19920319,58564.0)
(1,FOB,19940604,64750.0)
(RAIL,19980305,124935.0)
(1,FOB,19970728,119110.0)
(1,19930110,120491.0)
(REG AIR,19951110,61867.0)
(2,FOB,19960229,55861.0)
(19980123,376909.0)
(1,AIR,19980328,63549.0)
(2,AIR,19920608,65110.0)
(FOB,19960315,126197.0)
(TRUCK,19940920,56582.0)
(19950612,658979.0)
(1,19960829,356430.0)
(2,REG AIR,19960907,59945.0)
(2,19961003,63909.0)
(19951215,57543.0)
(1,19950523,63669.0)
(TRUCK,19980124,60966.0)
(19940109,600955.0)
(1,SHIP,19970509,117788.0)
(1,19930426,189566.0)
(TRUCK,19980205,56762.0)
(1,RAIL,19960326,65651.0)
(1,19920913,181218.0)
(AIR,19971112,58684.0)
(MAIL,19961121,62768.0)
(2,MAIL,19930420,62768.0)
(2,AIR,19980314,55861.0)
(MAIL,19920919,121932.0)
(RAIL,19960622,192329.0)
(SHIP,19950618,117788.0)
(1,19950316,370481.0)
(FOB,19961116,117128.0)
(2,19920729,190586.0)
(1,SHIP,19920117,123315.0)
(2,AIR,19940101,57063.0)
(2,RAIL,19950102,64029.0)
(FOB,19940911,65711.0)
(2,RAIL,19920420,61687.0)
(19950207,229331.0)
(1,19970819,126317.0)
(1,FOB,19920714,62588.0)
(2,MAIL,19970804,65891.0)
(2,TRUCK,19931122,59164.0)
(TRUCK,19920229,55981.0)
(REG AIR,19930221,184821.0)
(TRUCK,19961224,57963.0)
(AIR,19950908,112863.0)
(1,AIR,19960816,57483.0)
(REG AIR,19960101,174431.0)
(FOB,19950910,55020.0)
(1,REG AIR,19980430,60786.0)
(2,RAIL,19980226,57303.0)
(1,SHIP,19941222,58744.0)
(1,19970323,252515.0)
(2,RAIL,19950427,64750.0)
(1,19940623,176713.0)
(TRUCK,19930723,125536.0)
(SHIP,19921025,62948.0)
(2,MAIL,19941121,61567.0)
(2,SHIP,19941223,65591.0)
(RAIL,19961009,117849.0)
(2,REG AIR,19971112,58083.0)
(2,TRUCK,19930420,58264.0)
(2,TRUCK,19960904,56882.0)
(1,RAIL,19961226,63369.0)
(AIR,19951015,59525.0)
(2,19960815,354867.0)
(1,19980430,241463.0)
(SHIP,19960824,65411.0)
(RAIL,19920914,64990.0)
(1,AIR,19960717,63009.0)
(1,TRUCK,19960411,54180.0)
(2,19960310,54780.0)
(19930731,128539.0)
(1,TRUCK,19940521,59885.0)
(19961214,436194.0)
(2,FOB,19940519,65350.0)
(2,AIR,19920220,65471.0)
(2,19960707,184581.0)
(REG AIR,19950715,62948.0)
(2,19980228,428625.0)
(2,SHIP,19951015,63009.0)
(2,AIR,19970207,54120.0)
(2,RAIL,19930302,64149.0)
(SHIP,19970706,55020.0)
(FOB,19920229,61747.0)
(SHIP,19940213,64870.0)
(1,RAIL,19941219,60306.0)
(1,19920409,493376.0)
(TRUCK,19960405,57063.0)
(19961007,310477.0)
(REG AIR,19931022,63249.0)
(2,AIR,19920310,55561.0)
(FOB,19950316,62588.0)
(2,REG AIR,19941025,61026.0)
(REG AIR,19970821,114966.0)
(19960206,362315.0)
(2,MAIL,19980506,58624.0)
(2,19930926,172028.0)
(1,MAIL,19940620,56522.0)
(19920615,59344.0)
(FOB,19980313,56762.0)
(RAIL,19970621,62287.0)
(19960323,239782.0)
(TRUCK,19921219,55741.0)
(RAIL,19970108,60906.0)
(TRUCK,19920328,59405.0)
(TRUCK,19920111,62648.0)
(19920426,653691.0)
(MAIL,19921008,64270.0)
(REG AIR,19960804,115566.0)
(REG AIR,19940608,65170.0)
(RAIL,19961126,122773.0)
(1,TRUCK,19971004,62167.0)
(TRUCK,19920913,64330.0)
(19950720,537886.0)
(AIR,19960303,63309.0)
(2,REG AIR,19960303,62588.0)
(MAIL,19930305,127758.0)
(REG AIR,19950913,122593.0)
(1,FOB,19980402,58023.0)
(2,AIR,19921229,59765.0)
(TRUCK,19970620,64210.0)
(2,REG AIR,19920325,55561.0)
(19961106,176292.0)
(2,SHIP,19970113,62107.0)
(SHIP,19940727,58504.0)
(MAIL,19920801,112564.0)
(2,REG AIR,19970104,62107.0)
(19940514,348621.0)
(MAIL,19930620,306033.0)
(SHIP,19930827,56281.0)
(1,AIR,19970824,185660.0)
(2,19980408,305673.0)
(TRUCK,19941217,121272.0)
(1,19950910,177313.0)
(REG AIR,19930618,109260.0)
(REG AIR,19930212,60366.0)
(2,19940123,62828.0)
(2,SHIP,19960817,62648.0)
(1,19960405,228610.0)
(2,TRUCK,19920827,62227.0)
(1,RAIL,19970217,63369.0)
(SHIP,19970715,57123.0)
(1,MAIL,19940909,61026.0)
(1,RAIL,19950110,56041.0)
(19950414,294201.0)
(19941027,236659.0)
(19971006,302008.0)
