(2,19960205,64210.0)
(19970208,121091.0)
(19961019,419016.0)
(REG AIR,19960618,120130.0)
(19970424,291438.0)
(SHIP,19940306,114966.0)
(REG AIR,19980418,180256.0)
(19980207,115326.0)
(TRUCK,19941120,169626.0)
(1,MAIL,19931218,60906.0)
(1,19920510,370722.0)
(19920906,236238.0)
(1,SHIP,19940514,56522.0)
(2,AIR,19971010,55080.0)
(19931210,602576.0)
(MAIL,19940118,126498.0)
(19970217,910531.0)
(1,SHIP,19960323,60126.0)
(AIR,19980430,65951.0)
(2,19970105,114486.0)
(2,MAIL,19930126,63009.0)
(1,FOB,19961226,55020.0)
(1,REG AIR,19940608,65170.0)
(2,RAIL,19941123,63549.0)
(SHIP,19950305,126677.0)
(2,REG AIR,19940911,56041.0)
(1,19960110,420218.0)
(REG AIR,19961121,56221.0)
(1,19980802,184761.0)
(FOB,19970731,118510.0)
(1,TRUCK,19930723,63189.0)
(1,TRUCK,19960829,56522.0)
(1,SHIP,19971204,54960.0)
(1,19940914,298105.0)
(1,19941030,58324.0)
(AIR,19950820,113705.0)
(REG AIR,19970824,62648.0)
(1,AIR,19980619,64630.0)
(19960830,418417.0)
(FOB,19960417,62408.0)
(19940904,64990.0)
(19980603,421778.0)
(1,TRUCK,19980430,57303.0)
(REG AIR,19970112,57063.0)
(1,RAIL,19951031,59645.0)
(19960209,239780.0)
(MAIL,19960512,65050.0)
(1,FOB,19920113,60426.0)
(2,SHIP,19980313,65290.0)
(19960821,365078.0)
(RAIL,19950716,57243.0)
(19961208,181818.0)
(1,RAIL,19970427,179055.0)
(MAIL,19920426,59705.0)
(AIR,19930129,114786.0)
(MAIL,19980330,65350.0)
(2,FOB,19951015,65951.0)
(1,RAIL,19970120,61627.0)
(2,19940612,121573.0)
(1,SHIP,19931226,122113.0)
(19940706,363634.0)
(RAIL,19951102,61867.0)
(2,19980410,303390.0)
(19940319,296903.0)
(1,FOB,19980720,59284.0)
(SHIP,19930929,60426.0)
(2,19920416,418777.0)
(2,FOB,19950223,60006.0)
(2,SHIP,19971214,59344.0)
(RAIL,19970309,58384.0)
(2,RAIL,19951023,57723.0)
(MAIL,19970412,62888.0)
(2,MAIL,19980112,54480.0)
(2,REG AIR,19930110,113584.0)
(1,RAIL,19960707,179956.0)
(2,REG AIR,19941019,120971.0)
(TRUCK,19940202,175632.0)
(REG AIR,19950501,54420.0)
(19970730,183019.0)
(1,SHIP,19980114,58204.0)
(1,RAIL,19921214,58143.0)
(FOB,19960525,58864.0)
(2,SHIP,19930822,62227.0)
(2,19970826,61387.0)
(TRUCK,19951011,54240.0)
(1,19960822,168845.0)
(RAIL,19930925,176473.0)
(2,AIR,19951003,124515.0)
(1,TRUCK,19930903,64810.0)
(2,19930109,60246.0)
(2,19960214,305192.0)
(19940913,64450.0)
(TRUCK,19970731,116528.0)
(RAIL,19970426,65411.0)
(1,TRUCK,19980322,64089.0)
(1,AIR,19970214,62888.0)
(2,19950503,230111.0)
(2,REG AIR,19950505,61086.0)
(2,MAIL,19960303,57363.0)
(MAIL,19961205,62468.0)
(2,AIR,19930529,61867.0)
(AIR,19960630,115205.0)
(1,SHIP,19950504,60126.0)
(1,RAIL,19921007,61387.0)
(19980414,180376.0)
(1,RAIL,19930809,58204.0)
(2,AIR,19930303,122353.0)
(1,19920907,122594.0)
(RAIL,19930303,297624.0)
(1,19960417,65110.0)
(2,19950305,120011.0)
(MAIL,19920110,55261.0)
(MAIL,19920408,164221.0)
(1,AIR,19950513,56341.0)
(AIR,19920319,65591.0)
(SHIP,19920515,170947.0)
(SHIP,19940216,124275.0)
(REG AIR,19930116,59825.0)
(TRUCK,19920510,111902.0)
(AIR,19961224,59765.0)
(RAIL,19930916,64930.0)
(19931021,239361.0)
(1,MAIL,19940920,65110.0)
(1,TRUCK,19930129,57603.0)
(1,MAIL,19951216,57543.0)
(1,SHIP,19960314,65411.0)
(MAIL,19950108,56281.0)
(2,RAIL,19971012,56942.0)
(1,19980730,123435.0)
(MAIL,19960413,55741.0)
(2,REG AIR,19950910,59104.0)
(TRUCK,19950913,180076.0)
(19940715,422139.0)
(1,TRUCK,19980313,54720.0)
(2,19921217,57963.0)
(AIR,19921228,114065.0)
(RAIL,19970705,115867.0)
(1,REG AIR,19960228,57063.0)
(RAIL,19980515,121631.0)
(2,RAIL,19971111,55321.0)
(MAIL,19960422,56762.0)
(2,MAIL,19930603,54120.0)
(MAIL,19930317,58504.0)
(1,19980316,360333.0)
(MAIL,19980402,126256.0)
(REG AIR,19941105,116527.0)
(2,RAIL,19950529,57783.0)
(AIR,19980322,54780.0)
(1,TRUCK,19921002,54540.0)
(1,19940103,180737.0)
(19970712,731174.0)
(RAIL,19940717,121332.0)
(AIR,19980728,61086.0)
(1,FOB,19980531,61567.0)
(1,RAIL,19941122,62047.0)
(2,AIR,19960616,58204.0)
(1,AIR,19950720,57843.0)
(REG AIR,19970518,60666.0)
(2,MAIL,19941124,59585.0)
(SHIP,19960331,58023.0)
(1,19950805,61927.0)
(1,19970731,114545.0)
(1,19980523,246628.0)
(AIR,19941109,62287.0)
(2,SHIP,19961107,58264.0)
(MAIL,19950513,59284.0)
(1,REG AIR,19950913,62347.0)
(2,MAIL,19970528,66012.0)
(1,REG AIR,19920907,62528.0)
(2,FOB,19941223,54120.0)
(1,AIR,19961016,61327.0)
(19980513,182239.0)
(2,MAIL,19970302,118629.0)
(1,REG AIR,19980208,63789.0)
(REG AIR,19951113,61146.0)
(1,FOB,19930824,63249.0)
(19960506,653813.0)
(1,SHIP,19920516,63969.0)
(19940823,114245.0)
(MAIL,19960314,115866.0)
(19960920,536143.0)
(SHIP,19971014,63729.0)
(1,SHIP,19971231,122594.0)
(2,RAIL,19920919,64149.0)
(2,SHIP,19941217,59164.0)
(1,19960228,57063.0)
(REG AIR,19920919,61507.0)
(AIR,19940209,60966.0)
(MAIL,19920921,115447.0)
(1,SHIP,19931109,63669.0)
(MAIL,19980727,60726.0)
(2,19951115,500042.0)
(1,MAIL,19960315,62287.0)
(2,TRUCK,19951015,57303.0)
(2,MAIL,19970609,54660.0)
(1,TRUCK,19970620,64210.0)
(19930626,290717.0)
(2,RAIL,19980418,62948.0)
(2,19920920,321769.0)
(2,SHIP,19920210,60786.0)
(1,TRUCK,19940407,62768.0)
(TRUCK,19980802,62768.0)
(2,MAIL,19951015,59825.0)
(2,19950530,65771.0)
(1,MAIL,19940326,57123.0)
(19930617,430788.0)
(2,19940513,123254.0)
(1,19930717,185842.0)
(2,19930325,457701.0)
(1,REG AIR,19941229,54840.0)
(2,AIR,19970705,57303.0)
(RAIL,19970101,176353.0)
(1,RAIL,19940510,65591.0)
(19950417,128719.0)
(TRUCK,19930131,63849.0)
(SHIP,19970817,55741.0)
(1,AIR,19950612,247348.0)
(1,FOB,19950624,128359.0)
(MAIL,19950711,55140.0)
(1,MAIL,19980313,57303.0)
(2,TRUCK,19951006,115566.0)
(19930824,239602.0)
(1,AIR,19940109,63729.0)
(2,19921109,63969.0)
(FOB,19930618,237499.0)
(2,19960331,240561.0)
(2,FOB,19960907,58444.0)
(2,TRUCK,19941223,57963.0)
(2,SHIP,19921002,57903.0)
(TRUCK,19920420,55501.0)
(2,AIR,19950716,120190.0)
(2,19940621,128539.0)
(RAIL,19960229,184340.0)
(2,RAIL,19920315,64570.0)
(2,RAIL,19960906,115626.0)
(2,REG AIR,19950523,57123.0)
(FOB,19930726,122593.0)
(REG AIR,19980120,60306.0)
(2,19961204,185301.0)
(MAIL,19941117,116587.0)
(AIR,19961107,60906.0)
(2,RAIL,19960429,61927.0)
(1,19970614,60426.0)
(19970109,366218.0)
(AIR,19920508,61807.0)
(1,REG AIR,19980406,63669.0)
(RAIL,19931221,117188.0)
(1,FOB,19960218,59044.0)
(1,19980712,121392.0)
(RAIL,19951030,58324.0)
(1,SHIP,19920426,114184.0)
(1,19931202,180498.0)
(AIR,19920102,66012.0)
(1,19970515,59525.0)
(19950930,248129.0)
(SHIP,19980717,182478.0)
(2,MAIL,19940909,57183.0)
(1,MAIL,19971106,58924.0)
(1,AIR,19970926,64750.0)
(1,19920114,65110.0)
(1,REG AIR,19940103,65471.0)
(1,MAIL,19950316,60666.0)
(REG AIR,19960131,112503.0)
(2,FOB,19930702,61207.0)
(19920429,315102.0)
(2,19961114,114726.0)
(MAIL,19950216,183500.0)
(TRUCK,19980424,56341.0)
(19960803,860254.0)
(2,19971014,63729.0)
(RAIL,19960210,190165.0)
(19920708,124274.0)
(MAIL,19970205,117427.0)
(1,RAIL,19931222,65591.0)
(SHIP,19920128,56402.0)
(2,MAIL,19920325,57003.0)
(RAIL,19940131,61086.0)
(1,19921203,189687.0)
(19951227,118869.0)
(AIR,19951216,127518.0)
(AIR,19920111,54540.0)
(1,RAIL,19930421,120251.0)
(AIR,19930525,65891.0)
(FOB,19950427,64149.0)
(AIR,19970215,60786.0)
(FOB,19920411,65411.0)
(2,AIR,19951120,64990.0)
(1,19930311,124695.0)
(RAIL,19920106,118389.0)
(1,MAIL,19950802,65831.0)
(2,19971212,59705.0)
(2,19931225,59405.0)
(19920519,247707.0)
(2,REG AIR,19930228,60906.0)
(2,19920506,178394.0)
(19930905,357809.0)
(2,TRUCK,19940620,59825.0)
(2,SHIP,19930228,120071.0)
(19940418,554642.0)
(SHIP,19940630,166924.0)
(19970127,372284.0)
(2,SHIP,19920805,119710.0)
(2,REG AIR,19950721,60786.0)
(2,SHIP,19940920,65110.0)
(1,RAIL,19941203,63789.0)
(1,19940130,170707.0)
(AIR,19940920,61207.0)
(TRUCK,19980523,61387.0)
(1,FOB,19921121,64089.0)
(2,19950927,111122.0)
(2,19971230,128719.0)
(1,REG AIR,19931022,63249.0)
(2,FOB,19940530,57243.0)
(2,SHIP,19960108,56041.0)
(1,19930915,59224.0)
(SHIP,19971203,62107.0)
(1,FOB,19931210,65230.0)
(AIR,19950802,130941.0)
(2,19950116,58624.0)
(2,TRUCK,19971112,57243.0)
(19971108,495718.0)
(REG AIR,19920621,59224.0)
(1,MAIL,19921002,54540.0)
(2,19971203,62107.0)
(1,REG AIR,19941120,120191.0)
(2,AIR,19920601,62287.0)
(TRUCK,19920907,58804.0)
(2,REG AIR,19941217,57123.0)
(FOB,19940806,61327.0)
(MAIL,19960125,121633.0)
(1,19941229,54840.0)
(REG AIR,19920513,121572.0)
(19950525,433971.0)
(REG AIR,19941222,118268.0)
(FOB,19971226,128299.0)
(SHIP,19980528,63729.0)
(2,19920425,432889.0)
(SHIP,19930514,57543.0)
(1,19970821,56702.0)
(2,RAIL,19941024,63129.0)
(2,MAIL,19930504,55741.0)
(1,MAIL,19920904,64690.0)
(SHIP,19960403,60306.0)
(1,AIR,19960512,54600.0)
(TRUCK,19940914,61507.0)
(19960407,173469.0)
(1,AIR,19950711,55261.0)
(TRUCK,19970830,119651.0)
(REG AIR,19920603,231854.0)
(2,19940603,125896.0)
(TRUCK,19980730,54060.0)
(1,19920411,180676.0)
(2,FOB,19921207,59044.0)
(1,19930113,119049.0)
(AIR,19940227,123493.0)
(TRUCK,19960804,117067.0)
(2,19940810,294562.0)
(REG AIR,19970617,121632.0)
(AIR,19970323,190047.0)
(SHIP,19920713,252873.0)
(1,REG AIR,19930708,115566.0)
(FOB,19960110,61447.0)
(2,19930514,64690.0)
(1,RAIL,19960121,64270.0)
(RAIL,19920322,115086.0)
(1,19930302,122293.0)
(1,19961001,175031.0)
(2,MAIL,19930829,61327.0)
(2,MAIL,19960727,65651.0)
(RAIL,19970813,64149.0)
(2,MAIL,19950430,65230.0)
(2,RAIL,19921026,64390.0)
(2,TRUCK,19930504,57423.0)
(1,RAIL,19920521,63909.0)
(2,19961222,55681.0)
(1,REG AIR,19930131,114605.0)
(1,RAIL,19941212,61267.0)
(1,19950724,55261.0)
(1,FOB,19930617,59525.0)
(TRUCK,19980712,60306.0)
(TRUCK,19961128,54420.0)
(AIR,19930309,122233.0)
(FOB,19980208,116587.0)
(2,19960322,54720.0)
(1,AIR,19970728,186804.0)
(SHIP,19980401,64570.0)
(2,SHIP,19950217,59885.0)
(AIR,19970413,60306.0)
(RAIL,19920304,120311.0)
(1,AIR,19940901,56702.0)
(REG AIR,19960717,125476.0)
(1,19970524,120431.0)
(REG AIR,19940520,111422.0)
(TRUCK,19980316,55201.0)
(19940427,376188.0)
(RAIL,19930529,64750.0)
(RAIL,19921231,126497.0)
(2,FOB,19930504,64390.0)
(1,REG AIR,19950427,60306.0)
(19921022,124154.0)
(19940814,176472.0)
(2,19980627,61627.0)
(MAIL,19980411,61387.0)
(AIR,19920229,129860.0)
(2,MAIL,19970104,121212.0)
(1,FOB,19950813,126677.0)
(1,19980226,116287.0)
(TRUCK,19921203,63489.0)
(2,MAIL,19951222,61987.0)
(1,19930726,181998.0)
(1,TRUCK,19950316,61927.0)
(1,TRUCK,19980124,60966.0)
(1,19971109,303871.0)
(1,SHIP,19961214,123434.0)
(AIR,19930723,56221.0)
(1,RAIL,19970111,125416.0)
(TRUCK,19920303,130882.0)
(1,MAIL,19930228,56341.0)
(AIR,19980124,62287.0)
(2,19960430,247288.0)
(AIR,19961116,130460.0)
(AIR,19940902,64149.0)
(SHIP,19970501,64210.0)
(FOB,19950715,119410.0)
(RAIL,19961219,119470.0)
(19920528,669786.0)
(1,19960912,175691.0)
(2,TRUCK,19980130,60186.0)
(MAIL,19971006,59525.0)
(2,19920128,65411.0)
(2,SHIP,19950505,57663.0)
(1,FOB,19931229,59344.0)
(1,TRUCK,19970215,60126.0)
(1,MAIL,19950910,122293.0)
(1,SHIP,19930731,64029.0)
(REG AIR,19920829,64390.0)
(1,TRUCK,19960207,58324.0)
(AIR,19941019,183078.0)
(SHIP,19960809,54720.0)
(19941129,431689.0)
(1,19941120,242243.0)
(1,RAIL,19950302,61086.0)
(2,RAIL,19920207,59344.0)
(1,MAIL,19930507,65891.0)
(1,AIR,19920408,120971.0)
(1,AIR,19950504,54420.0)
(2,RAIL,19930116,122292.0)
(19971009,57903.0)
(2,SHIP,19930525,120911.0)
(1,SHIP,19960305,62287.0)
(2,MAIL,19971112,115746.0)
(19920320,480766.0)
(2,REG AIR,19930525,57243.0)
(2,19960809,54720.0)
(1,SHIP,19930506,60966.0)
(AIR,19960126,121453.0)
(1,19971226,247409.0)
(1,19950904,307474.0)
(2,19960629,303089.0)
(1,19921014,60066.0)
(1,REG AIR,19931004,65290.0)
(1,FOB,19950110,65831.0)
(1,MAIL,19960126,62287.0)
(1,RAIL,19931114,60126.0)
(FOB,19930203,180377.0)
(FOB,19951110,116708.0)
(19950507,371865.0)
(1,MAIL,19980511,54240.0)
(FOB,19921203,65471.0)
(TRUCK,19970614,60426.0)
(2,19960917,351324.0)
(1,AIR,19971231,59224.0)
(AIR,19950316,59344.0)
(1,19930924,122773.0)
(SHIP,19961204,54840.0)
(1,19970812,65651.0)
(2,RAIL,19970121,63669.0)
(1,19960507,123073.0)
(REG AIR,19920630,118509.0)
(1,RAIL,19950726,66012.0)
(2,REG AIR,19921101,57423.0)
(AIR,19960522,118929.0)
(2,TRUCK,19960510,120972.0)
(2,RAIL,19971030,57543.0)
(2,REG AIR,19920823,60306.0)
(2,FOB,19920721,120912.0)
(2,FOB,19970924,124095.0)
(2,19940405,183139.0)
(2,REG AIR,19980124,119891.0)
(REG AIR,19920315,64210.0)
(1,SHIP,19921128,61807.0)
(1,SHIP,19961223,65591.0)
(1,19930221,596689.0)
(SHIP,19960205,56522.0)
(RAIL,19970912,61687.0)
(1,19920916,55261.0)
(1,SHIP,19920822,56882.0)
(1,SHIP,19960620,55801.0)
(TRUCK,19970524,54060.0)
(SHIP,19960629,58204.0)
(1,SHIP,19951107,111182.0)
(1,AIR,19980330,124936.0)
(1,RAIL,19920710,115387.0)
(1,AIR,19950414,56041.0)
(1,19951110,243505.0)
(2,SHIP,19951108,58204.0)
(RAIL,19930817,125416.0)
(19940508,486170.0)
(MAIL,19920714,114846.0)
(1,19980703,123314.0)
(RAIL,19970930,57903.0)
(1,AIR,19930821,56462.0)
(REG AIR,19931115,187343.0)
(1,REG AIR,19960318,64810.0)
(1,RAIL,19920828,62888.0)
(1,REG AIR,19930618,55020.0)
(AIR,19980313,54660.0)
(REG AIR,19940728,54060.0)
(MAIL,19930920,58504.0)
(19920816,419438.0)
(RAIL,19951120,61687.0)
(RAIL,19951021,191186.0)
(AIR,19940623,117909.0)
(AIR,19941217,169385.0)
(2,19930127,179476.0)
(19980720,360631.0)
(2,AIR,19930925,55501.0)
(MAIL,19920327,122053.0)
(2,19940414,116347.0)
(1,MAIL,19920409,193109.0)
(MAIL,19921119,118749.0)
(1,AIR,19940929,60426.0)
(FOB,19970524,120431.0)
(REG AIR,19950916,57003.0)
(MAIL,19950720,178935.0)
(RAIL,19920601,186863.0)
(2,RAIL,19960609,123854.0)
(1,RAIL,19961120,177733.0)
(19961028,407244.0)
(2,FOB,19950322,61327.0)
(AIR,19950325,61567.0)
(RAIL,19980425,126377.0)
(FOB,19930131,65350.0)
(TRUCK,19921005,64330.0)
(2,AIR,19960229,64390.0)
(MAIL,19960404,65350.0)
(19920627,168184.0)
(1,AIR,19970313,55140.0)
(AIR,19970819,119350.0)
(2,FOB,19971130,59525.0)
(1,TRUCK,19971115,59284.0)
(2,AIR,19920322,55981.0)
(MAIL,19960305,65951.0)
(19980117,310117.0)
(2,MAIL,19971121,54360.0)
(RAIL,19951201,64630.0)
(REG AIR,19980427,59344.0)
(1,19950922,242904.0)
(19920807,57003.0)
(FOB,19920420,54840.0)
(1,19940608,175752.0)
(2,MAIL,19940602,59825.0)
(TRUCK,19961029,111002.0)
(RAIL,19921204,58564.0)
(2,TRUCK,19950520,58324.0)
(TRUCK,19970515,118389.0)
(1,MAIL,19970729,61927.0)
(19960317,549778.0)
(2,REG AIR,19930426,62047.0)
(19960812,179955.0)
(RAIL,19930312,126017.0)
(RAIL,19920124,60126.0)
(1,AIR,19950810,120492.0)
(2,RAIL,19970112,56882.0)
(MAIL,19950919,61987.0)
(TRUCK,19941229,63729.0)
(1,MAIL,19950226,174191.0)
(2,MAIL,19921216,58143.0)
(REG AIR,19930521,61387.0)
(19960326,362795.0)
(1,TRUCK,19950703,59945.0)
(REG AIR,19970716,55501.0)
(2,RAIL,19940520,65951.0)
(1,19961218,480763.0)
(MAIL,19940929,65230.0)
(1,REG AIR,19970407,60546.0)
(2,RAIL,19970617,114184.0)
(2,19970321,58143.0)
(2,MAIL,19960628,57123.0)
(MAIL,19950630,65411.0)
(TRUCK,19970713,129500.0)
(2,19920218,484548.0)
(MAIL,19950612,117669.0)
(2,19950413,60666.0)
(19960605,62588.0)
(1,REG AIR,19960101,112864.0)
(1,19950319,418114.0)
(AIR,19921101,60486.0)
(1,TRUCK,19961107,61387.0)
(1,19960705,64390.0)
(2,19980131,63909.0)
(1,19980721,299305.0)
(AIR,19950208,116588.0)
(TRUCK,19971109,59044.0)
(MAIL,19931208,61447.0)
(AIR,19940704,65471.0)
(1,19940329,128659.0)
(1,19970227,113764.0)
(1,RAIL,19950320,65411.0)
(1,19940202,236117.0)
(FOB,19980802,54360.0)
(19940922,62167.0)
(MAIL,19951017,62408.0)
(FOB,19921104,57723.0)
(1,19980307,56341.0)
(1,19950427,250952.0)
(19960713,300208.0)
(2,SHIP,19920111,119050.0)
(RAIL,19970110,114425.0)
(FOB,19980406,59164.0)
(1,19980505,60186.0)
(1,19960525,58864.0)
(REG AIR,19931205,62768.0)
(1,19980208,181938.0)
(RAIL,19930907,56462.0)
(1,19960615,119410.0)
(1,19980406,237979.0)
(FOB,19930717,63369.0)
(REG AIR,19921224,63969.0)
(2,RAIL,19930620,59044.0)
(RAIL,19930628,187343.0)
(2,19921028,113884.0)
(1,MAIL,19930129,120431.0)
(TRUCK,19920114,56702.0)
(SHIP,19951115,172389.0)
(2,SHIP,19950721,55381.0)
(1,MAIL,2.4225756E7)
(FOB,19980505,123194.0)
(SHIP,19941215,124454.0)
(1,MAIL,19931119,60486.0)
(MAIL,19921010,60726.0)
(2,19940108,54840.0)
(2,TRUCK,19920109,115867.0)
(2,REG AIR,19920409,60846.0)
(1,AIR,19931226,58023.0)
(SHIP,19950729,121813.0)
(MAIL,19960620,62347.0)
(19971225,181758.0)
(TRUCK,19920501,241523.0)
(FOB,19970407,187163.0)
(2,AIR,19920917,63669.0)
(1,SHIP,19980330,123674.0)
(2,SHIP,19931029,63849.0)
(2,SHIP,19950910,62888.0)
(19970316,305311.0)
(2,MAIL,19931125,61387.0)
(2,RAIL,19940313,58684.0)
(2,REG AIR,19970819,58143.0)
(2,19930820,56522.0)
(19930923,363454.0)
(19940409,358170.0)
(1,SHIP,19940721,54960.0)
(AIR,19930408,64330.0)
(19970604,127518.0)
(1,SHIP,19940929,61747.0)
(AIR,19931227,180617.0)
(2,MAIL,19940521,55921.0)
(1,19980613,58624.0)
(2,TRUCK,19970113,62167.0)
(2,SHIP,19961224,55020.0)
(1,AIR,19921227,60666.0)
(1,19961029,177494.0)
(2,RAIL,19970824,56281.0)
(19950327,180256.0)
(1,TRUCK,19950604,54780.0)
(1,RAIL,19930511,59405.0)
(FOB,19941120,125115.0)
(19950912,231312.0)
(FOB,19961001,58204.0)
(RAIL,19920827,64029.0)
(2,19950602,57663.0)
(1,FOB,19980621,124996.0)
(1,RAIL,19940826,64089.0)
(1,REG AIR,19951011,55261.0)
(19950228,244705.0)
(2,RAIL,19980102,64810.0)
(2,TRUCK,19980626,56822.0)
(1,SHIP,19980619,57063.0)
(2,SHIP,19920913,63909.0)
(2,TRUCK,19980725,63609.0)
(1,RAIL,19920422,114186.0)
(AIR,19920913,59405.0)
(SHIP,19931027,174671.0)
(2,19980717,181277.0)
(2,SHIP,19941019,56281.0)
(RAIL,19940906,63669.0)
(2,19930929,230112.0)
(1,19921221,61327.0)
(2,REG AIR,19951207,55140.0)
(1,19930131,178454.0)
(2,FOB,19930720,56822.0)
(1,19920213,58204.0)
(1,FOB,19970208,65110.0)
(1,AIR,19950531,64510.0)
(1,AIR,19940514,57003.0)
(2,REG AIR,19960612,64870.0)
(2,19950323,183320.0)
(FOB,19950607,65951.0)
(1,FOB,19960821,54360.0)
(2,AIR,19920106,111482.0)
(1,AIR,19950919,62287.0)
(19970811,294260.0)
(1,TRUCK,19980728,115807.0)
(RAIL,19960418,60606.0)
(2,19931126,178575.0)
(AIR,19940506,123374.0)
(1,MAIL,19960621,62408.0)
(2,19961006,114426.0)
(2,19941206,294082.0)
(1,TRUCK,19980629,63849.0)
(AIR,19960207,65170.0)
(MAIL,19940505,188725.0)
(19920609,361894.0)
(2,REG AIR,19920111,58083.0)
(19950426,115867.0)
(RAIL,19940618,110761.0)
(2,SHIP,19950109,54480.0)
(2,19940630,489233.0)
(TRUCK,19930618,113104.0)
(FOB,19940419,61987.0)
(TRUCK,19960309,62347.0)
(1,REG AIR,19980424,183619.0)
(1,RAIL,19960103,54720.0)
(1,REG AIR,19960309,181096.0)
(REG AIR,19940926,57303.0)
(2,19920317,257438.0)
(19950822,712194.0)
(2,AIR,19930321,59525.0)
(TRUCK,19960912,57843.0)
(TRUCK,19960822,55921.0)
(TRUCK,19961010,304410.0)
(1,RAIL,19930313,64750.0)
(2,19950909,245487.0)
(MAIL,19951008,57243.0)
(AIR,19931119,115926.0)
(1,TRUCK,19960928,60786.0)
(SHIP,19920416,60306.0)
(1,19940617,54180.0)
(19930310,430069.0)
(19980216,419498.0)
(FOB,19960813,127758.0)
(TRUCK,19950607,65350.0)
(1,AIR,19960314,65831.0)
(1,19970407,182719.0)
(1,19931031,240141.0)
(REG AIR,19950222,120671.0)
(1,19930618,396493.0)
(1,REG AIR,19960813,54360.0)
(FOB,19940914,55921.0)
(1,TRUCK,19960405,57063.0)
(2,TRUCK,19970807,54060.0)
(1,19951011,290778.0)
(1,AIR,19970205,64270.0)
(1,AIR,19960305,56341.0)
(REG AIR,19980210,65050.0)
(1,19930212,59104.0)
(19921121,123794.0)
(1,19920330,60786.0)
(TRUCK,19941030,61026.0)
(2,MAIL,19930108,55741.0)
(2,REG AIR,19931119,55501.0)
(19920113,554521.0)
(TRUCK,19921023,118450.0)
(1,FOB,19960407,58023.0)
(1,19940518,117128.0)
(19930716,63249.0)
(2,REG AIR,19931010,58143.0)
(1,AIR,19960323,55681.0)
(MAIL,19940604,60846.0)
(1,19930708,301408.0)
(19950813,247709.0)
(FOB,19950913,61807.0)
(1,19980424,489952.0)
(2,19931027,180976.0)
(MAIL,19960224,59164.0)
(SHIP,19970529,113884.0)
(2,REG AIR,19960522,58023.0)
(RAIL,19980227,55020.0)
(SHIP,19940603,61927.0)
(2,19931108,58083.0)
(1,FOB,19970109,63009.0)
(MAIL,19970106,62347.0)
(1,19940419,292519.0)
(2,FOB,19980707,63789.0)
(1,FOB,19941219,60846.0)
(2,19980528,303871.0)
(1,MAIL,19980430,57423.0)
(19950714,128720.0)
(2,MAIL,19920730,59885.0)
(REG AIR,19930404,123855.0)
(2,19930217,234736.0)
(2,MAIL,19970221,57543.0)
(1,FOB,19920528,185121.0)
(1,AIR,19930317,54180.0)
(FOB,19930212,59104.0)
(2,19931216,59585.0)
(FOB,19931202,63009.0)
(1,AIR,19920219,60606.0)
(1,19950715,128118.0)
(19950318,709794.0)
(2,19950125,129680.0)
(FOB,19931130,115866.0)
(2,19970213,179836.0)
(1,19940310,55020.0)
(2,TRUCK,19940206,61327.0)
(REG AIR,19921008,119350.0)
(SHIP,19950602,57663.0)
(RAIL,19950112,59224.0)
(2,AIR,2.4064039E7)
(SHIP,19920506,189986.0)
(2,FOB,19921009,64570.0)
(2,TRUCK,19980707,62107.0)
(1,TRUCK,19921219,55741.0)
(1,19970803,175933.0)
(2,19940306,232395.0)
(1,AIR,19930920,62948.0)
(2,REG AIR,19940326,116528.0)
(1,19960813,246267.0)
(2,TRUCK,19930621,63129.0)
(2,MAIL,19980626,63489.0)
(AIR,19931010,55020.0)
(2,TRUCK,19971121,63549.0)
(1,SHIP,19970214,61387.0)
(1,FOB,19951227,118869.0)
(FOB,19940518,55561.0)
(2,19970529,113584.0)
(FOB,19971109,61747.0)
(2,MAIL,19980130,178334.0)
(1,SHIP,19951017,61327.0)
(2,RAIL,19940926,129259.0)
(2,RAIL,19970220,56101.0)
(2,REG AIR,19980502,55321.0)
(AIR,19930228,116527.0)
(1,SHIP,19960422,119950.0)
(1,TRUCK,19920409,65230.0)
(1,19931004,65290.0)
(REG AIR,19960906,57663.0)
(RAIL,19970417,180617.0)
(TRUCK,19960110,54420.0)
(SHIP,19960430,186681.0)
(FOB,19980721,64810.0)
(1,SHIP,19971114,57243.0)
(RAIL,19930411,65411.0)
(19980621,555723.0)
(RAIL,19940627,64630.0)
(2,TRUCK,19961203,62047.0)
(1,MAIL,19920508,60546.0)
(2,19980401,58384.0)
(19980108,297144.0)
(RAIL,19970228,65471.0)
(1,REG AIR,19950715,62948.0)
(19931003,183980.0)
(2,19951223,184400.0)
(TRUCK,19960813,61747.0)
(1,RAIL,19930106,54120.0)
(1,REG AIR,19980721,56822.0)
(1,19950913,242362.0)
(1,RAIL,19930115,58744.0)
(2,MAIL,19960510,117248.0)
(MAIL,19921227,55441.0)
(2,AIR,19980506,59705.0)
(1,TRUCK,19920102,55321.0)
(SHIP,19950116,58624.0)
(19970910,120791.0)
(FOB,19970821,65050.0)
(19940625,114124.0)
(TRUCK,19930203,118869.0)
(TRUCK,19931031,119170.0)
(SHIP,19921226,64990.0)
(19950110,471515.0)
(2,MAIL,19970924,56942.0)
(1,SHIP,19930920,64510.0)
(2,RAIL,19930602,57423.0)
(1,FOB,19960731,54600.0)
(2,RAIL,19980427,58564.0)
(MAIL,19950504,121572.0)
(AIR,19940731,56702.0)
(2,REG AIR,19940704,57243.0)
(FOB,19970713,63189.0)
(2,19960827,117249.0)
(TRUCK,19930221,366458.0)
(TRUCK,19930104,63729.0)
(SHIP,19941206,58984.0)
(1,19960318,311617.0)
(RAIL,19961002,61507.0)
(MAIL,19951107,120251.0)
(FOB,19931031,55801.0)
(REG AIR,19941123,59405.0)
(1,19950607,65350.0)
(19920104,112984.0)
(RAIL,19950923,243624.0)
(AIR,19970404,173830.0)
(19971126,63789.0)
(TRUCK,19980208,63009.0)
(2,FOB,19980725,57663.0)
(REG AIR,19920306,58564.0)
(2,19941215,242063.0)
(2,MAIL,19920109,109200.0)
(2,SHIP,19971223,58384.0)
(1,MAIL,19980629,63969.0)
(1,TRUCK,19920805,249331.0)
(19931229,732974.0)
(2,FOB,19940521,65050.0)
(2,SHIP,19950901,56101.0)
(19920618,368620.0)
(1,REG AIR,19971226,55381.0)
(1,FOB,19960803,59284.0)
(19950705,235757.0)
(MAIL,19940424,123193.0)
(2,19930406,66012.0)
(RAIL,19970516,56702.0)
(1,19970326,174069.0)
(MAIL,19971204,62107.0)
(SHIP,19940405,65831.0)
(1,AIR,19960620,60606.0)
(1,SHIP,19970926,117489.0)
(2,SHIP,19950523,58804.0)
(TRUCK,19931202,60246.0)
(19970514,360814.0)
(19921103,57423.0)
(2,FOB,19951123,62708.0)
(2,19970123,59825.0)
(TRUCK,19980721,176291.0)
(1,TRUCK,19971106,65471.0)
(1,REG AIR,19950922,62347.0)
(19930329,247769.0)
(2,SHIP,19921228,64990.0)
(RAIL,19931122,63369.0)
(19961226,412770.0)
(2,MAIL,19960330,58204.0)
(1,REG AIR,19940310,55020.0)
(1,REG AIR,19940518,55441.0)
(SHIP,19920218,180977.0)
(2,19920821,181397.0)
(1,FOB,19960317,120011.0)
(1,SHIP,19940109,64690.0)
(1,19931130,183499.0)
(SHIP,19951214,173951.0)
(2,19951025,178154.0)
(2,FOB,19970609,175271.0)
(REG AIR,19980724,65951.0)
(TRUCK,19920222,63189.0)
(1,RAIL,19961003,125236.0)
(MAIL,19931226,56341.0)
(1,REG AIR,19920312,57603.0)
(1,RAIL,19920729,61747.0)
(2,AIR,19970516,182179.0)
(1,19940806,308796.0)
(AIR,19920328,64029.0)
(2,19950729,176353.0)
(1,REG AIR,19960804,55621.0)
(1,REG AIR,19970731,56281.0)
(2,AIR,19970813,55140.0)
(TRUCK,19950724,57003.0)
(RAIL,19941211,58624.0)
(TRUCK,19960705,65230.0)
(19941219,544612.0)
(SHIP,19960106,363515.0)
(RAIL,19960319,120611.0)
(REG AIR,19970725,121872.0)
(1,TRUCK,19930507,60666.0)
(2,REG AIR,19960829,63369.0)
(1,SHIP,19950612,168245.0)
(1,RAIL,19980228,64089.0)
(2,MAIL,19970113,60726.0)
(FOB,19960228,57423.0)
(2,19961213,301288.0)
(1,FOB,19950327,61747.0)
(2,19980311,168725.0)
(2,19950620,113584.0)
(19940526,186382.0)
(1,19920312,122653.0)
(SHIP,19961114,115746.0)
(1,FOB,19971108,63729.0)
(RAIL,19971209,59645.0)
(AIR,19951207,126737.0)
(2,SHIP,19960207,65531.0)
(19930130,308795.0)
(2,TRUCK,19920730,57363.0)
(2,RAIL,19931205,58564.0)
(19920221,59344.0)
(FOB,19960822,118149.0)
(1,RAIL,19951013,56582.0)
(AIR,19930417,120372.0)
(TRUCK,19970803,63669.0)
(FOB,19950922,123495.0)
(2,MAIL,19920802,58564.0)
(SHIP,19980113,121572.0)
(REG AIR,19970707,59705.0)
(2,19960106,603956.0)
(1,SHIP,19950720,62408.0)
(1,19920501,306214.0)
(2,RAIL,19970707,63849.0)
(2,REG AIR,19951216,64810.0)
(1,RAIL,19940420,56281.0)
(FOB,19940202,118510.0)
(2,SHIP,19950226,59825.0)
(19960731,295883.0)
(2,19980113,183980.0)
(1,SHIP,19930128,57243.0)
(1,19920303,65471.0)
(1,TRUCK,19930426,61267.0)
(2,FOB,19971112,55321.0)
(1,REG AIR,19961218,59885.0)
(2,19950314,180856.0)
(MAIL,19940523,60186.0)
(AIR,19950226,62287.0)
(AIR,19920409,59585.0)
(19980531,727930.0)
(1,TRUCK,19970404,60486.0)
(TRUCK,19930113,62167.0)
(MAIL,19930506,59765.0)
(1,REG AIR,19940202,59344.0)
(FOB,19961010,182899.0)
(FOB,19980424,58984.0)
(2,RAIL,19920630,64510.0)
(RAIL,19920511,57903.0)
(2,REG AIR,19931029,61327.0)
(2,SHIP,19920328,60906.0)
(2,19970411,124636.0)
(SHIP,19940108,54180.0)
(AIR,19951108,122233.0)
(TRUCK,19940419,63369.0)
(MAIL,19940820,119650.0)
(REG AIR,19970310,111843.0)
(REG AIR,19950411,55801.0)
(RAIL,19950617,54180.0)
(2,19920713,428205.0)
(MAIL,19961016,64870.0)
(2,REG AIR,19941208,65471.0)
(2,TRUCK,19941016,54660.0)
(SHIP,19961213,60126.0)
(1,TRUCK,19920328,59405.0)
(1,FOB,19940409,56702.0)
(1,TRUCK,19940209,58023.0)
(1,SHIP,19941126,58504.0)
(1,19930203,233715.0)
(TRUCK,19940608,54180.0)
(1,19960309,244525.0)
(MAIL,19970115,54360.0)
(REG AIR,19920801,56522.0)
(FOB,19930708,63549.0)
(19930428,302190.0)
(REG AIR,19920405,63729.0)
(FOB,19941030,58324.0)
(AIR,19940614,61207.0)
(1,SHIP,19960512,62708.0)
(2,TRUCK,19940602,54480.0)
(19960524,174790.0)
(19920726,427964.0)
(2,FOB,19970122,64630.0)
(REG AIR,19970130,57483.0)
(REG AIR,19970121,62888.0)
(SHIP,19950909,60186.0)
(19970307,125056.0)
(SHIP,19951223,54540.0)
(2,19961105,55621.0)
(2,19950224,413430.0)
(AIR,19980205,123073.0)
(2,SHIP,19940623,56161.0)
(2,REG AIR,19930903,58684.0)
(FOB,19930302,57423.0)
(2,FOB,19930126,62828.0)
(2,SHIP,19930129,114064.0)
(1,19960101,170767.0)
(REG AIR,19971012,114245.0)
(FOB,19921014,60066.0)
(MAIL,19960206,65651.0)
(1,19950526,65290.0)
(1,AIR,19950216,64690.0)
(TRUCK,19950904,63909.0)
(2,RAIL,19920306,126497.0)
(SHIP,19950314,129500.0)
(2,REG AIR,19940227,59104.0)
(1,SHIP,19920417,59765.0)
(FOB,19950724,64149.0)
(MAIL,19961025,57543.0)
(2,AIR,19980407,120191.0)
(AIR,19950604,62107.0)
(19940517,176533.0)
(RAIL,19950211,57903.0)
(AIR,19971115,56221.0)
(2,FOB,19920307,65471.0)
(1,RAIL,19980525,54600.0)
(RAIL,19921006,122713.0)
(2,SHIP,19951207,55201.0)
(2,AIR,19920304,64210.0)
(MAIL,19970214,118329.0)
(TRUCK,19961218,173891.0)
(1,TRUCK,19920913,64330.0)
(19960704,59525.0)
(REG AIR,19931124,245186.0)
(2,MAIL,19951204,59044.0)
(1,REG AIR,19920501,121633.0)
(1,19970830,241224.0)
(2,TRUCK,19960628,61987.0)
(1,19920420,119230.0)
(REG AIR,19930530,61026.0)
(1,RAIL,19940925,58444.0)
(MAIL,19920101,171907.0)
(1,REG AIR,19980613,58624.0)
(1,MAIL,19950604,61867.0)
(AIR,19960504,122893.0)
(TRUCK,19950319,59044.0)
(1,19921023,118450.0)
(1,MAIL,19960207,59525.0)
(1,19930528,65531.0)
(1,TRUCK,19941217,57303.0)
(SHIP,19930325,117788.0)
(1,REG AIR,19980730,60366.0)
(1,AIR,19920426,234015.0)
(AIR,19980421,58083.0)
(2,19940117,121573.0)
(FOB,19980316,174490.0)
(19940120,123794.0)
(1,19961010,299305.0)
(TRUCK,19980406,115566.0)
(2,19960403,60306.0)
(SHIP,19920317,62287.0)
(1,FOB,19920618,114905.0)
(19960218,121211.0)
(FOB,19950319,60486.0)
(1,SHIP,19920327,63369.0)
(AIR,19950901,56462.0)
(1,MAIL,19961116,122833.0)
(1,REG AIR,19950319,123374.0)
(2,FOB,19950304,60786.0)
(1,MAIL,19920102,111182.0)
(2,FOB,19930810,60906.0)
(1,19931022,63249.0)
(FOB,19920213,61747.0)
(FOB,19931022,190227.0)
(FOB,19961218,249030.0)
(1,19970713,250832.0)
(FOB,19920510,59044.0)
(2,19921226,64990.0)
(2,MAIL,19940530,64810.0)
(2,AIR,19940618,63189.0)
(1,FOB,19970316,57783.0)
(AIR,19940407,127339.0)
(2,RAIL,19950916,57303.0)
(1,AIR,19940505,110701.0)
(MAIL,19950810,56281.0)
(1,19960804,229271.0)
(2,TRUCK,19980518,62708.0)
(REG AIR,19940430,62708.0)
(2,SHIP,19930309,64210.0)
(2,FOB,19980130,64570.0)
(19930608,297445.0)
(RAIL,19931203,64210.0)
(REG AIR,19950123,62408.0)
(MAIL,19940109,58504.0)
(2,AIR,19951102,64330.0)
(1,AIR,19960422,54360.0)
(19951010,188605.0)
(2,FOB,19970104,56522.0)
(2,MAIL,19970410,64510.0)
(2,FOB,19960925,62948.0)
(1,FOB,19971225,63309.0)
(1,RAIL,19950618,56402.0)
(1,TRUCK,19951216,60786.0)
(1,AIR,19931109,115265.0)
(MAIL,19950405,57783.0)
(FOB,19961029,115507.0)
(2,19920515,350783.0)
(19950624,377568.0)
(2,MAIL,19980419,121632.0)
(2,19951214,119711.0)
(MAIL,19961214,124816.0)
(1,TRUCK,19930525,60486.0)
(RAIL,19941121,61987.0)
(2,REG AIR,19931218,59705.0)
(REG AIR,19970220,117609.0)
(TRUCK,19980703,63669.0)
(MAIL,19941027,111903.0)
