(19930702,177014.0)
(19971112,410848.0)
(2,TRUCK,19960209,63549.0)
(MAIL,19940618,125896.0)
(1,AIR,19950617,64570.0)
(1,AIR,19960517,115986.0)
(REG AIR,19951028,119350.0)
(2,REG AIR,19920918,56882.0)
(1,REG AIR,19931225,57723.0)
(1,FOB,19931215,56702.0)
(1,AIR,19970912,120912.0)
(AIR,19920710,57123.0)
(1,FOB,19971130,60786.0)
(1,SHIP,19920124,55801.0)
(1,19970213,180077.0)
(1,AIR,19980506,111362.0)
(1,TRUCK,19961111,59945.0)
(1,TRUCK,19970706,185842.0)
(2,SHIP,19920729,64029.0)
(1,MAIL,19970616,64690.0)
(19951015,672132.0)
(2,AIR,19960404,58984.0)
(1,19940306,306453.0)
(1,19931018,57303.0)
(TRUCK,19930127,64690.0)
(AIR,19930629,124576.0)
(RAIL,19951107,65471.0)
(1,TRUCK,19921007,62287.0)
(MAIL,19920304,123855.0)
(1,TRUCK,19941122,57003.0)
(2,RAIL,19960820,248370.0)
(RAIL,19921119,183139.0)
(MAIL,19931014,113043.0)
(19961104,128059.0)
(TRUCK,19980113,120251.0)
(19931206,231792.0)
(2,19950715,111363.0)
(1,19970826,64570.0)
(2,TRUCK,19940706,126196.0)
(FOB,19961222,54660.0)
(TRUCK,19970817,62047.0)
(1,19950314,125176.0)
(2,RAIL,19960622,127639.0)
(2,MAIL,19960218,62167.0)
(1,19970817,177493.0)
(1,SHIP,19941211,63189.0)
(2,TRUCK,19960920,59284.0)
(AIR,19931231,56522.0)
(1,MAIL,19950924,64510.0)
(2,SHIP,19921007,60426.0)
(2,19980721,237978.0)
(TRUCK,19930325,113103.0)
(1,AIR,19950707,113344.0)
(2,SHIP,19930412,60846.0)
(REG AIR,19920914,56341.0)
(REG AIR,19930102,112744.0)
(1,TRUCK,19940727,60906.0)
(1,19940711,56462.0)
(2,MAIL,19960506,183200.0)
(RAIL,19961205,65230.0)
(TRUCK,19960331,176232.0)
(2,TRUCK,19970514,55020.0)
(SHIP,19940202,58744.0)
(RAIL,19960206,60786.0)
(MAIL,19930330,56582.0)
(19971130,417816.0)
(TRUCK,19950116,58264.0)
(MAIL,19970228,56942.0)
(1,AIR,19921231,63669.0)
(RAIL,19940820,54480.0)
(1,REG AIR,19951115,121452.0)
(2,19960822,176772.0)
(2,REG AIR,19950320,60486.0)
(SHIP,19980424,184220.0)
(MAIL,19950716,58864.0)
(1,19960629,127878.0)
(REG AIR,19960505,63669.0)
(AIR,19930926,54420.0)
(SHIP,19920312,65050.0)
(2,19960912,63129.0)
(2,19970515,177914.0)
(2,RAIL,19930526,63549.0)
(1,19961114,240802.0)
(1,RAIL,19931218,229451.0)
(2,TRUCK,19941129,63789.0)
(SHIP,19970407,62888.0)
(1,TRUCK,19920521,62227.0)
(SHIP,19930311,62708.0)
(1,TRUCK,19960103,60126.0)
(1,FOB,19961203,61627.0)
(1,REG AIR,19940117,121333.0)
(REG AIR,19980314,62708.0)
(SHIP,19930618,64390.0)
(2,19940617,187704.0)
(1,FOB,19921207,58444.0)
(1,19970907,63249.0)
(SHIP,19970515,59525.0)
(2,TRUCK,19960803,54960.0)
(SHIP,19970821,56702.0)
(REG AIR,19970531,118570.0)
(2,TRUCK,19970424,125236.0)
(1,TRUCK,19950104,61267.0)
(2,19930708,112503.0)
(1,FOB,19960727,56582.0)
(2,RAIL,19980206,59405.0)
(1,RAIL,19951108,64149.0)
(1,RAIL,19980322,56702.0)
(1,REG AIR,19960205,185602.0)
(1,RAIL,19960405,54840.0)
(2,REG AIR,19960112,57123.0)
(2,REG AIR,19921205,58504.0)
(2,MAIL,19960920,121152.0)
(2,MAIL,19921022,65050.0)
(TRUCK,19980131,127458.0)
(1,TRUCK,19980723,125836.0)
(1,FOB,19961212,115927.0)
(1,MAIL,19931114,63249.0)
(2,RAIL,19970531,57183.0)
(SHIP,19930113,59705.0)
(1,RAIL,19941019,123074.0)
(2,19960228,57423.0)
(2,19970731,353067.0)
(2,FOB,19960830,59645.0)
(2,FOB,19960407,60606.0)
(2,RAIL,19961126,122773.0)
(2,SHIP,19970715,57123.0)
(1,REG AIR,19920317,64210.0)
(RAIL,19940730,55201.0)
(2,AIR,19950216,60546.0)
(RAIL,19950513,122233.0)
(TRUCK,19940405,62588.0)
(RAIL,19970313,59164.0)
(2,MAIL,19960317,63069.0)
(2,19931004,124755.0)
(1,19921109,58744.0)
(19960718,54060.0)
(19960907,1018528.0)
(MAIL,19940627,119711.0)
(1,MAIL,19930313,56221.0)
(2,RAIL,19921030,62227.0)
(1,19960403,114966.0)
(2,FOB,19960326,59044.0)
(REG AIR,19960910,121993.0)
(2,AIR,19930821,63609.0)
(1,19920128,118209.0)
(REG AIR,19921111,60546.0)
(1,RAIL,19980421,122053.0)
(1,RAIL,19921228,60066.0)
(MAIL,19961219,63909.0)
(2,REG AIR,19980129,59044.0)
(2,REG AIR,19920215,120131.0)
(SHIP,19980316,123735.0)
(19970221,301828.0)
(1,RAIL,19950901,178455.0)
(2,SHIP,19930421,54720.0)
(2,REG AIR,19980408,120732.0)
(2,RAIL,19950227,170286.0)
(2,RAIL,19960505,61447.0)
(1,RAIL,19950325,60006.0)
(SHIP,19961010,56161.0)
(2,SHIP,19980525,122173.0)
(1,MAIL,19960707,114184.0)
(1,AIR,19980128,59585.0)
(REG AIR,19980305,122773.0)
(2,MAIL,19950110,55441.0)
(2,TRUCK,19920618,65290.0)
(1,MAIL,19970715,65350.0)
(AIR,19930313,114726.0)
(2,RAIL,19921003,243506.0)
(2,REG AIR,19961111,61747.0)
(2,19940419,184581.0)
(RAIL,19950711,65170.0)
(2,TRUCK,19970109,62167.0)
(2,19980802,118269.0)
(19960411,173771.0)
(1,TRUCK,19961102,55501.0)
(TRUCK,19961105,55621.0)
(19950304,243085.0)
(MAIL,19980506,58624.0)
(1,TRUCK,19980507,58864.0)
(TRUCK,19930929,113224.0)
(TRUCK,19960106,61627.0)
(2,MAIL,19920618,62468.0)
(1,MAIL,19930629,118329.0)
(2,TRUCK,19930905,58924.0)
(TRUCK,19950305,64210.0)
(1,REG AIR,19971203,60666.0)
(2,REG AIR,19960301,58924.0)
(1,19921028,63009.0)
(2,19931022,245548.0)
(REG AIR,19961027,115086.0)
(19970807,724150.0)
(REG AIR,19921120,305252.0)
(REG AIR,19950317,127879.0)
(1,AIR,19930817,58564.0)
(REG AIR,19920310,122593.0)
(TRUCK,19980528,55501.0)
(REG AIR,19950803,57663.0)
(1,TRUCK,19970319,57183.0)
(1,FOB,19960628,62948.0)
(2,RAIL,19940327,184701.0)
(1,RAIL,19950316,62227.0)
(AIR,19950717,120011.0)
(AIR,19950825,127338.0)
(2,TRUCK,19980117,125296.0)
(19920802,237739.0)
(2,RAIL,19970603,54180.0)
(2,FOB,19940418,126737.0)
(2,19961001,122173.0)
(1,AIR,19930411,58444.0)
(2,19931202,60246.0)
(19930108,238460.0)
(2,AIR,19970412,64390.0)
(REG AIR,19921229,57843.0)
(REG AIR,19920608,59765.0)
(1,19960809,108840.0)
(2,SHIP,19960914,58384.0)
(AIR,19941122,59104.0)
(1,19980627,124635.0)
(2,SHIP,19950618,55020.0)
(FOB,19940621,54900.0)
(MAIL,19970912,60906.0)
(19920325,345198.0)
(TRUCK,19971023,55020.0)
(2,19970524,54060.0)
(1,FOB,19930720,60966.0)
(1,RAIL,2.5008706E7)
(1,TRUCK,19950221,59705.0)
(1,SHIP,19940519,64690.0)
(REG AIR,19960712,117849.0)
(REG AIR,19921030,63669.0)
(2,TRUCK,19940715,55681.0)
(AIR,19930223,245067.0)
(1,19920506,246147.0)
(2,MAIL,19960731,58023.0)
(1,19971230,241583.0)
(MAIL,19970408,125836.0)
(AIR,19941221,62828.0)
(REG AIR,19940101,60126.0)
(FOB,19930109,61387.0)
(SHIP,19940518,63729.0)
(2,19920213,61747.0)
(MAIL,19980515,121152.0)
(1,FOB,19940611,54300.0)
(MAIL,19930204,57663.0)
(2,TRUCK,19950525,62708.0)
(1,19950530,123313.0)
(SHIP,19980613,64930.0)
(SHIP,19960110,123314.0)
(19970302,305192.0)
(REG AIR,19940705,62588.0)
(2,19920222,63189.0)
(2,MAIL,19920429,63129.0)
(MAIL,19950310,64750.0)
(SHIP,19980307,56341.0)
(2,RAIL,19920419,60306.0)
(2,19930203,65531.0)
(1,REG AIR,19970213,125777.0)
(2,19920907,172809.0)
(2,MAIL,19950624,63849.0)
(2,TRUCK,19970307,62408.0)
(2,REG AIR,19970715,56462.0)
(1,FOB,19961113,55441.0)
(1,AIR,19950716,65290.0)
(1,FOB,19951006,56522.0)
(REG AIR,19930526,57183.0)
(SHIP,19971109,246448.0)
(19961203,310837.0)
(1,19931126,170886.0)
(RAIL,19980411,61146.0)
(FOB,19960331,118028.0)
(2,SHIP,19930629,129080.0)
(REG AIR,19970621,65711.0)
(RAIL,19941117,125957.0)
(2,19930113,120611.0)
(TRUCK,19950413,59645.0)
(2,SHIP,19920503,54240.0)
(2,FOB,19920627,56702.0)
(19940323,58684.0)
(1,AIR,19920511,121212.0)
(1,19951007,54600.0)
(1,SHIP,19940131,61507.0)
(2,REG AIR,19941212,62648.0)
(MAIL,19950923,181278.0)
(AIR,19940718,127098.0)
(TRUCK,19951115,117548.0)
(19970906,63969.0)
(1,RAIL,19920904,56522.0)
(AIR,19920413,123915.0)
(19940819,437574.0)
(SHIP,19950904,62408.0)
(1,19970529,116347.0)
(REG AIR,19930715,63789.0)
(1,19940108,362014.0)
(1,19920515,54900.0)
(1,FOB,19960411,60066.0)
(2,MAIL,19970712,64390.0)
(TRUCK,19931108,64630.0)
(MAIL,19920322,116948.0)
(1,MAIL,19940321,64510.0)
(TRUCK,19960809,54420.0)
(1,SHIP,19971209,58864.0)
(2,SHIP,19931222,58804.0)
(1,TRUCK,19930629,55441.0)
(2,SHIP,19940213,64870.0)
(MAIL,19931122,65471.0)
(AIR,19951031,174370.0)
(RAIL,19970115,63609.0)
(1,TRUCK,19950302,126257.0)
(2,RAIL,19921120,63969.0)
(RAIL,19961214,63609.0)
(2,19960804,177433.0)
(2,AIR,19980411,54180.0)
(2,REG AIR,19921214,57783.0)
(1,19950116,115507.0)
(1,19950323,111423.0)
(MAIL,19930321,65891.0)
(1,SHIP,19960229,187824.0)
(2,19920420,176052.0)
(REG AIR,19960622,117908.0)
(1,REG AIR,19970826,64570.0)
(19980112,281349.0)
(1,SHIP,19950112,124394.0)
(2,AIR,19980619,55621.0)
(REG AIR,19980224,54240.0)
(FOB,19920218,64450.0)
(2,AIR,19930317,62047.0)
(2,19980226,120852.0)
(2,19950319,177734.0)
(19961113,358950.0)
(19930126,650810.0)
(TRUCK,19950125,64750.0)
(FOB,19941206,57063.0)
(SHIP,19980226,60846.0)
(1,19960908,58984.0)
(RAIL,19940604,119590.0)
(19951006,653272.0)
(19961023,181998.0)
(AIR,19940510,65471.0)
(19980419,470914.0)
(2,TRUCK,19970811,54600.0)
(2,AIR,19940109,60006.0)
(AIR,19970715,59465.0)
(2,19920114,56702.0)
(TRUCK,19960430,63609.0)
(19941016,115927.0)
(RAIL,19950414,58384.0)
(2,FOB,19921121,59705.0)
(FOB,19921028,57663.0)
(SHIP,19980730,127999.0)
(19940620,233955.0)
(1,19980717,186442.0)
(REG AIR,19950515,65651.0)
(2,19951110,122173.0)
(1,REG AIR,19921217,59405.0)
(MAIL,19971209,64510.0)
(1,FOB,19960330,63189.0)
(SHIP,19920501,56462.0)
(19950502,373544.0)
(19960312,66012.0)
(19930405,247949.0)
(2,FOB,19961019,57723.0)
(RAIL,19961016,115687.0)
(1,MAIL,19940105,60006.0)
(FOB,19970529,61207.0)
(2,AIR,19940424,61807.0)
(2,AIR,19940730,54300.0)
(2,RAIL,19960208,59164.0)
(1,MAIL,19950104,60846.0)
(AIR,19980228,169505.0)
(RAIL,19961106,58504.0)
(REG AIR,19970216,57183.0)
(REG AIR,19920905,58504.0)
(AIR,19950618,65471.0)
(2,19970803,63669.0)
(1,19940513,62167.0)
(2,REG AIR,19970706,60366.0)
(MAIL,19920601,65531.0)
(2,RAIL,19940525,63009.0)
(FOB,19961114,57483.0)
(1,RAIL,19950208,54480.0)
(2,19960417,184400.0)
(2,TRUCK,19980108,55921.0)
(1,MAIL,19930115,62408.0)
(RAIL,19961025,63249.0)
(19940107,173229.0)
(2,19940914,239781.0)
(1,AIR,19930330,63729.0)
(2,MAIL,19930428,61447.0)
(19970113,560466.0)
(AIR,19960815,54360.0)
(AIR,19970517,113164.0)
(2,19960309,118508.0)
(TRUCK,19940630,122353.0)
(AIR,19970706,189084.0)
(1,19950224,375407.0)
(1,REG AIR,19970501,63669.0)
(REG AIR,19921021,124515.0)
(2,SHIP,19920828,65651.0)
(TRUCK,19950323,117369.0)
(RAIL,19980501,62888.0)
(2,MAIL,19930310,64029.0)
(2,SHIP,19960103,63009.0)
(RAIL,19961007,61627.0)
(2,RAIL,19961009,61387.0)
(2,19950913,488992.0)
(RAIL,19931019,54480.0)
(2,AIR,19960125,61146.0)
(2,REG AIR,19940925,55261.0)
(TRUCK,19950909,187043.0)
(2,TRUCK,19940922,62167.0)
(2,MAIL,19970424,54420.0)
(2,FOB,19980414,122653.0)
(1,MAIL,19930511,118149.0)
(2,19940716,64570.0)
(MAIL,19960328,61807.0)
(MAIL,19920827,59405.0)
(19940206,230531.0)
(19931125,601616.0)
(RAIL,19980123,64930.0)
(1,FOB,19930108,61567.0)
(1,RAIL,19960315,59585.0)
(1,SHIP,19921015,125537.0)
(REG AIR,19940408,64330.0)
(2,AIR,19951017,58023.0)
(1,19961213,118209.0)
(AIR,19950320,59825.0)
(REG AIR,19961009,54600.0)
(1,RAIL,19961224,175932.0)
(1,FOB,19931125,55020.0)
(REG AIR,19930823,57843.0)
(2,TRUCK,19971108,65531.0)
(REG AIR,19930120,61687.0)
(FOB,19921217,57963.0)
(19920929,63849.0)
(1,19970411,244946.0)
(TRUCK,19970411,119951.0)
(SHIP,19920907,60066.0)
(2,TRUCK,19950930,65050.0)
(MAIL,19961002,57903.0)
(1,19930514,292459.0)
(19931215,169505.0)
(19961212,665885.0)
(REG AIR,19941001,64750.0)
(2,RAIL,19921201,65110.0)
(RAIL,19970223,63069.0)
(2,REG AIR,19950726,182717.0)
(2,RAIL,19980521,58804.0)
(FOB,19940405,60666.0)
(TRUCK,19921028,56221.0)
(1,FOB,19980707,56762.0)
(1,FOB,19970618,62468.0)
(RAIL,19951017,61687.0)
(TRUCK,19920515,63549.0)
(REG AIR,19961117,59405.0)
(1,19980311,183740.0)
(2,MAIL,19940625,57843.0)
(SHIP,19950427,56041.0)
(1,19931027,416134.0)
(1,AIR,19920322,233656.0)
(SHIP,19980505,60186.0)
(RAIL,19931226,61086.0)
(SHIP,19940914,63429.0)
(MAIL,19951030,58804.0)
(MAIL,19951102,55321.0)
(2,AIR,19941126,56281.0)
(RAIL,19960927,62047.0)
(1,FOB,19971112,65771.0)
(AIR,19960824,61627.0)
(19930621,252394.0)
(1,19940117,298526.0)
(1,AIR,19930916,120611.0)
(19971004,311137.0)
(MAIL,19941211,183619.0)
(1,19920317,122414.0)
(19960628,433431.0)
(1,19941206,116047.0)
(FOB,19980410,60846.0)
(2,19950508,54900.0)
(AIR,19951130,64089.0)
(AIR,19960914,64089.0)
(AIR,19960301,65110.0)
(1,MAIL,19960617,64149.0)
(2,SHIP,19930331,57063.0)
(2,REG AIR,19920710,55621.0)
(1,REG AIR,19951214,61687.0)
(2,RAIL,19980314,55321.0)
(TRUCK,19930217,120671.0)
(2,19930717,119770.0)
(RAIL,19930821,65711.0)
(1,SHIP,19931230,60246.0)
(TRUCK,19920920,65951.0)
(SHIP,19920411,62648.0)
(FOB,19940810,54180.0)
(FOB,19920317,129620.0)
(RAIL,19971114,57363.0)
(2,RAIL,19971116,57003.0)
(2,19940130,116347.0)
(19930324,121992.0)
(1,RAIL,19970404,55921.0)
(1,REG AIR,19950224,130161.0)
(1,AIR,19970426,121452.0)
(REG AIR,19970423,227169.0)
(2,19920628,54420.0)
(1,TRUCK,19960707,113464.0)
(2,REG AIR,19960617,58324.0)
(19960420,64870.0)
(1,19970321,59284.0)
(REG AIR,19960316,59405.0)
(1,SHIP,19970804,119771.0)
(2,REG AIR,19961120,238821.0)
(2,SHIP,19970607,58264.0)
(1,MAIL,19920710,61927.0)
(2,REG AIR,19931114,54120.0)
(19970609,348981.0)
(19960123,63489.0)
(AIR,19950906,64690.0)
(1,AIR,19930312,61987.0)
(2,TRUCK,19970208,55981.0)
(1,SHIP,19970110,58864.0)
(19970618,62468.0)
(2,RAIL,19970126,59885.0)
(2,TRUCK,19941219,63549.0)
(2,19970614,110641.0)
(2,TRUCK,19920104,112984.0)
(2,19980424,300506.0)
(19940909,466588.0)
(SHIP,19930915,235697.0)
(REG AIR,19920419,63609.0)
(1,RAIL,19940902,61867.0)
(19980617,179956.0)
(AIR,19920305,65591.0)
(19930720,232874.0)
(2,MAIL,19931229,62107.0)
(2,AIR,19960620,185361.0)
(19930810,254194.0)
(1,TRUCK,19930106,61146.0)
(1,19971203,60666.0)
(MAIL,19940717,65471.0)
(REG AIR,19971017,59765.0)
(2,TRUCK,19920726,54180.0)
(1,REG AIR,19941215,125597.0)
(2,19960101,115987.0)
(1,REG AIR,19980131,62708.0)
(2,FOB,19931229,61146.0)
(1,FOB,19931224,125716.0)
(19930117,426884.0)
(TRUCK,19980410,55681.0)
(2,19970821,180016.0)
(REG AIR,19941010,123073.0)
(AIR,19980723,60606.0)
(RAIL,19941216,58324.0)
(1,MAIL,19920819,64450.0)
(2,19980316,466951.0)
(MAIL,19971010,63909.0)
(1,19940216,124275.0)
(19970519,126137.0)
(1,19920713,61086.0)
(2,TRUCK,19980603,58023.0)
(1,SHIP,19921231,63369.0)
(AIR,19930106,58504.0)
(RAIL,19950531,238821.0)
(2,RAIL,19980107,57603.0)
(1,RAIL,19960829,60006.0)
(1,AIR,19961219,56762.0)
(REG AIR,19940804,58264.0)
(MAIL,19920818,63009.0)
(1,FOB,19940521,63729.0)
(2,19931031,186623.0)
(2,RAIL,19950911,123434.0)
(1,MAIL,19930106,123615.0)
(RAIL,19920219,56281.0)
(REG AIR,19950407,113704.0)
(2,TRUCK,19950110,54420.0)
(REG AIR,19930724,123914.0)
(AIR,19920215,123974.0)
(AIR,19920819,60966.0)
(TRUCK,19980627,61627.0)
(MAIL,19941121,61567.0)
(SHIP,19970830,55801.0)
(2,TRUCK,19950318,57663.0)
(1,19950602,54120.0)
(2,TRUCK,19950822,56101.0)
(REG AIR,19940921,117668.0)
(1,SHIP,19961002,62287.0)
(1,AIR,19930420,59224.0)
(19950430,382013.0)
(2,RAIL,19961027,180917.0)
(1,TRUCK,19930115,65230.0)
(2,AIR,19960314,61927.0)
(FOB,19921109,63969.0)
(19970122,242184.0)
(TRUCK,19931018,57303.0)
(1,SHIP,19930303,54300.0)
(FOB,19980627,58744.0)
(TRUCK,19971230,118149.0)
(2,FOB,19920528,115086.0)
(2,19930221,608642.0)
(1,RAIL,19971214,62708.0)
(2,RAIL,19930102,61327.0)
(2,19980208,355949.0)
(REG AIR,19970504,57243.0)
(2,AIR,19941117,58744.0)
(RAIL,19950207,55501.0)
(2,19921005,187284.0)
(1,19951214,244106.0)
(2,19930726,193530.0)
(TRUCK,19980221,64270.0)
(1,MAIL,19960914,116587.0)
(1,TRUCK,19960815,63849.0)
(2,AIR,19961106,59044.0)
(2,REG AIR,19940321,58444.0)
(1,MAIL,19961012,61267.0)
(2,REG AIR,19921025,57663.0)
(1,19940603,245547.0)
(1,REG AIR,19930820,56161.0)
(1,TRUCK,19931231,115867.0)
(19920307,186323.0)
(TRUCK,19920416,112324.0)
(2,REG AIR,19950816,63369.0)
(2,SHIP,19950519,63669.0)
(2,REG AIR,19950717,114966.0)
(19920712,288977.0)
(FOB,19931126,55080.0)
(19920730,599813.0)
(1,19930820,181397.0)
(2,SHIP,19980318,62888.0)
(2,TRUCK,19931021,54120.0)
(REG AIR,19940813,63009.0)
(SHIP,19920420,58864.0)
(SHIP,19970731,118750.0)
(2,FOB,19960920,57603.0)
(2,REG AIR,19940213,61026.0)
(1,RAIL,19931010,55201.0)
(1,19940810,56402.0)
(SHIP,19980406,120311.0)
(19941223,361474.0)
(TRUCK,19950503,54240.0)
(2,AIR,19971006,62528.0)
(1,SHIP,19921204,59765.0)
(TRUCK,19931126,61207.0)
(1,19920218,56161.0)
(SHIP,19951011,65651.0)
(2,19971109,122953.0)
(1,19931225,178094.0)
(REG AIR,19971107,128959.0)
(2,SHIP,19971129,56702.0)
(2,FOB,19950705,55801.0)
(MAIL,19960814,56882.0)
(2,FOB,2.567716E7)
(2,FOB,19980108,57543.0)
(1,19940414,61627.0)
(2,AIR,19950720,61867.0)
(2,TRUCK,19950813,55201.0)
(2,RAIL,19930904,180016.0)
(2,RAIL,19940101,65531.0)
(1,AIR,19970228,63789.0)
(19950520,636214.0)
(2,MAIL,19971009,57903.0)
(FOB,19930929,62828.0)
(1,FOB,19930324,62167.0)
(2,SHIP,19921025,62948.0)
(AIR,19961120,122594.0)
(2,REG AIR,19940718,55741.0)
(1,MAIL,19980318,121272.0)
(19980707,357569.0)
(2,MAIL,19980621,128959.0)
(1,FOB,19951015,59465.0)
(2,RAIL,19970928,64990.0)
(MAIL,19950112,61086.0)
(2,19971226,184160.0)
(2,FOB,19950507,61327.0)
(1,SHIP,19920322,65771.0)
(1,19961222,54660.0)
(1,SHIP,19930312,61867.0)
(RAIL,19960422,62227.0)
(1,TRUCK,19930511,119831.0)
(FOB,19970105,60006.0)
(1,19930109,61387.0)
(1,REG AIR,19950729,123374.0)
(1,MAIL,19940925,63909.0)
(FOB,19960106,58744.0)
(2,19980703,300868.0)
(RAIL,19960323,58204.0)
(2,TRUCK,19961019,62888.0)
(RAIL,19940721,60126.0)
(SHIP,19930924,61086.0)
(1,19980410,127458.0)
(2,AIR,19980123,125296.0)
(1,19961204,59765.0)
(SHIP,19970803,63069.0)
(MAIL,19940609,115387.0)
(2,SHIP,19930313,61267.0)
(MAIL,19960418,54900.0)
(1,AIR,19980227,121212.0)
(1,REG AIR,19960908,58984.0)
(2,RAIL,19971017,61747.0)
(1,TRUCK,19961120,62468.0)
(1,19950125,57843.0)
(2,19960705,65230.0)
(1,SHIP,19950617,63669.0)
(19960925,304110.0)
(1,SHIP,19930123,65230.0)
(2,19970830,170706.0)
(19921009,190406.0)
(RAIL,19950108,181218.0)
(MAIL,19970813,60486.0)
(2,19940202,420819.0)
(2,19961010,418655.0)
(MAIL,19951021,60246.0)
(TRUCK,19960601,62047.0)
(1,REG AIR,19930505,64450.0)
(2,MAIL,19920609,62828.0)
(19970401,248190.0)
(19950322,61327.0)
(TRUCK,19961222,55681.0)
(1,RAIL,19941217,60546.0)
(1,REG AIR,19950314,61507.0)
(2,FOB,19940913,64450.0)
(1,19930505,126737.0)
(2,FOB,19920609,56041.0)
(1,FOB,19960303,55861.0)
(1,SHIP,19921024,120732.0)
(AIR,19920422,54840.0)
(2,TRUCK,19980414,57723.0)
(2,19921203,186143.0)
(SHIP,19940608,56402.0)
(2,TRUCK,19930428,58504.0)
(RAIL,19930227,63789.0)
(1,FOB,19970528,56522.0)
(19980518,244045.0)
(SHIP,19940103,115266.0)
(AIR,19930412,56281.0)
(AIR,19980408,63789.0)
(19950223,180557.0)
(1,19950909,239362.0)
(FOB,19930217,64630.0)
(RAIL,19980303,62227.0)
(RAIL,19951215,57543.0)
(1,AIR,19970408,58504.0)
(AIR,19960103,60126.0)
(1,REG AIR,19961006,58324.0)
(1,19930217,63909.0)
(1,AIR,19930303,64029.0)
(1,AIR,19920430,55020.0)
(RAIL,19920822,54360.0)
(2,19980712,58804.0)
(2,MAIL,19940418,114125.0)
(1,SHIP,19970705,63369.0)
(2,FOB,19970712,63129.0)
(2,REG AIR,19941122,60066.0)
(AIR,19921007,59825.0)
(2,RAIL,19950821,122834.0)
(FOB,19940117,63369.0)
(19940611,114245.0)
(FOB,19920713,58264.0)
(2,MAIL,19920113,112323.0)
(19931224,423461.0)
(1,19920425,197193.0)
(1,MAIL,19970706,115446.0)
(2,RAIL,19950704,117669.0)
(REG AIR,19930111,65591.0)
(1,AIR,19980515,118449.0)
(2,19950904,123014.0)
(TRUCK,19920425,65771.0)
(TRUCK,19970907,63249.0)
(19980130,539328.0)
(1,MAIL,19921205,56341.0)
(2,MAIL,19950417,63549.0)
(2,19960507,64089.0)
(2,AIR,19961007,62948.0)
(19940602,469893.0)
(1,19951115,520049.0)
(AIR,19980318,58864.0)
(RAIL,19960404,110221.0)
(1,RAIL,19960504,57663.0)
(2,AIR,19930506,59585.0)
(2,REG AIR,19960914,120011.0)
(1,MAIL,19950302,117909.0)
(SHIP,19980703,125296.0)
(1,REG AIR,19960331,54780.0)
(1,RAIL,19941109,54600.0)
(TRUCK,19950927,56762.0)
(SHIP,19941120,122052.0)
(RAIL,19970205,57603.0)
(2,AIR,19940118,63669.0)
(2,REG AIR,19941113,61267.0)
(TRUCK,19980311,118209.0)
(19960303,356429.0)
(2,REG AIR,19961003,63909.0)
(REG AIR,19970225,54120.0)
(2,19950922,193890.0)
(1,TRUCK,19941212,178455.0)
(1,19970501,127879.0)
(2,19980505,189025.0)
(1,19951223,232273.0)
(2,REG AIR,19920413,55921.0)
(2,REG AIR,19961012,121933.0)
(2,TRUCK,19960524,55080.0)
(REG AIR,19970324,120071.0)
(2,19960813,421419.0)
(SHIP,19951110,64330.0)
(AIR,19960923,61687.0)
(1,TRUCK,19961210,119890.0)
(2,FOB,19930428,63549.0)
(1,SHIP,19940717,57603.0)
(1,19941215,372826.0)
(AIR,19930115,122713.0)
(1,FOB,19940819,64390.0)
(2,19950427,185601.0)
(REG AIR,19960208,59525.0)
(19970924,787697.0)
(1,FOB,19930117,56161.0)
(1,SHIP,19970525,63549.0)
(19970104,470554.0)
(1,SHIP,19960616,57603.0)
(1,SHIP,19920430,63909.0)
(1,19980131,182719.0)
(1,TRUCK,19940925,62167.0)
(2,FOB,19970604,65951.0)
(2,REG AIR,19950618,58804.0)
(TRUCK,19950224,56942.0)
(AIR,19970111,58324.0)
(1,19961006,58324.0)
(1,19921217,171908.0)
(19930504,487250.0)
(RAIL,19951125,56522.0)
(2,FOB,19940508,56582.0)
(19921216,183199.0)
(REG AIR,19980107,55441.0)
(FOB,19960214,63549.0)
(19960817,243986.0)
(2,SHIP,19980228,115086.0)
(REG AIR,19940930,60066.0)
(RAIL,19950720,55441.0)
(2,19920303,245126.0)
(1,19950305,248430.0)
(1,FOB,19930829,65771.0)
(2,FOB,19940706,55441.0)
(AIR,19920927,59645.0)
(RAIL,19940316,57063.0)
(1,SHIP,19961101,62347.0)
(19971031,348981.0)
(19940530,181998.0)
(SHIP,19940806,123855.0)
(2,REG AIR,19960527,59525.0)
(MAIL,19930411,175512.0)
(FOB,19931027,185120.0)
(AIR,19961111,56942.0)
(2,MAIL,19940120,64630.0)
(AIR,19960707,56882.0)
(1,FOB,19940620,59104.0)
(FOB,19970826,61387.0)
(19940521,977440.0)
(2,MAIL,19940814,57483.0)
(1,RAIL,19930309,63189.0)
(FOB,19920821,127398.0)
(19921207,422921.0)
(FOB,19941215,61867.0)
(MAIL,19980407,61867.0)
(RAIL,19920101,59224.0)
(2,19941120,413730.0)
(MAIL,19921015,122112.0)
(1,MAIL,19941221,63009.0)
(REG AIR,19970126,121272.0)
(1,FOB,19941223,65951.0)
(1,MAIL,19921025,57903.0)
(2,19930924,61447.0)
(1,19960322,63969.0)
(2,RAIL,19940615,60426.0)
(19970528,411690.0)
(FOB,19970213,54300.0)
(RAIL,19920417,60366.0)
(MAIL,19931203,54720.0)
(2,SHIP,19980723,55381.0)
(AIR,19970526,121031.0)
(2,19930104,119770.0)
(TRUCK,19940306,185962.0)
(1,MAIL,19941212,64930.0)
(19970429,114065.0)
(2,AIR,19920714,56101.0)
(2,19951011,120011.0)
(1,19940621,119350.0)
(2,AIR,19980402,58264.0)
(1,19921226,55201.0)
(19930829,357690.0)
(19960727,364178.0)
(RAIL,19940929,61086.0)
(1,AIR,19951003,54960.0)
(AIR,19970328,65290.0)
(AIR,19921025,59465.0)
(19960501,237138.0)
(2,MAIL,19941219,63909.0)
(2,19950102,241282.0)
(1,MAIL,19960301,64690.0)
(1,19920821,359733.0)
(TRUCK,19950602,54120.0)
(1,19940630,479263.0)
(1,19980401,64570.0)
(2,MAIL,19930905,57063.0)
(TRUCK,19920128,65411.0)
(2,SHIP,19970517,123614.0)
(MAIL,19970110,64690.0)
(2,19940329,181517.0)
(REG AIR,19960820,61507.0)
(19951114,61747.0)
(2,TRUCK,19970730,54480.0)
(1,FOB,19970122,111663.0)
(1,RAIL,19940920,61026.0)
(19970203,117789.0)
(1,TRUCK,19970526,121032.0)
(SHIP,19960813,64149.0)
(2,RAIL,19960910,128359.0)
(1,MAIL,19970517,242184.0)
(1,FOB,19940206,59104.0)
(AIR,19950924,117368.0)
(2,FOB,19950822,64630.0)
(MAIL,19930303,121032.0)
(1,RAIL,19940704,61327.0)
(REG AIR,19961126,124635.0)
(1,SHIP,19961219,115086.0)
(2,SHIP,19940718,58804.0)
(FOB,19940513,62167.0)
(19960826,233714.0)
(1,TRUCK,19950618,61207.0)
(MAIL,19980704,58624.0)
(19920721,305793.0)
(1,SHIP,19980515,64690.0)
(REG AIR,19940507,55321.0)
(REG AIR,19940327,54540.0)
(FOB,19920506,111482.0)
(REG AIR,19920923,62708.0)
(TRUCK,19940414,55801.0)
(2,MAIL,19930329,63849.0)
(MAIL,19960229,59224.0)
(FOB,19950224,59885.0)
(2,REG AIR,19920819,117909.0)
(1,RAIL,19940506,61447.0)
(1,RAIL,19940407,54900.0)
(1,AIR,19931203,65891.0)
(FOB,19931225,54540.0)
(2,19950607,126737.0)
(SHIP,19940419,57783.0)
(1,SHIP,19970714,63369.0)
(1,REG AIR,19971023,65711.0)
(2,MAIL,19960713,64210.0)
(2,19980523,189266.0)
(2,FOB,19930310,57063.0)
(1,AIR,19960814,57963.0)
(TRUCK,19940108,61567.0)
(1,19960430,124334.0)
(2,19941030,182358.0)
(1,19950413,124155.0)
(1,TRUCK,19970715,62468.0)
(REG AIR,19920815,63789.0)
(2,AIR,19950414,57603.0)
(1,SHIP,19960814,63009.0)
(TRUCK,19960917,59585.0)
(1,19930325,114484.0)
(2,AIR,19940721,55861.0)
(19920109,707392.0)
(2,FOB,19970910,58083.0)
(RAIL,19940505,58204.0)
(MAIL,19941202,59825.0)
(2,TRUCK,19940814,118989.0)
(RAIL,19980727,62708.0)
(MAIL,19970417,56522.0)
(RAIL,19960512,370424.0)
(SHIP,19931130,63849.0)
(2,REG AIR,19930313,114605.0)
(2,FOB,19941219,58624.0)
(2,19940518,179416.0)
(AIR,19930421,175031.0)
(2,19930131,191907.0)
(2,19920501,470673.0)
(19941025,232693.0)
(1,19971023,120731.0)
(1,19940612,114184.0)
(2,MAIL,19950525,124635.0)
(19920505,57183.0)
(1,19960331,521188.0)
(19980725,240802.0)
(2,AIR,19920408,65771.0)
(FOB,19940108,119290.0)
(1,19951025,121872.0)
(TRUCK,19940612,57183.0)
(2,MAIL,19970217,186202.0)
(2,TRUCK,19940427,61867.0)
(19960330,121393.0)
(1,FOB,19951222,57003.0)
(AIR,19980525,58384.0)
(19931116,65891.0)
(19971202,119471.0)
(1,19931108,127098.0)
(2,RAIL,19941010,120791.0)
(2,19920916,230953.0)
(RAIL,19970106,118389.0)
(TRUCK,19930514,54360.0)
(2,19920510,232092.0)
(FOB,19951223,176832.0)
(SHIP,19950526,65290.0)
(2,19930302,181457.0)
(2,19980406,231793.0)
(2,SHIP,19960824,65411.0)
(TRUCK,19920713,57363.0)
(1,MAIL,19950618,124515.0)
(1,19960106,493857.0)
(TRUCK,19940117,54840.0)
(FOB,19950927,54360.0)
(TRUCK,19960403,54840.0)
(MAIL,19970714,54300.0)
(1,AIR,19941211,60246.0)
(2,REG AIR,19970517,120551.0)
(1,RAIL,19940623,57603.0)
(2,AIR,19920822,55861.0)
(1,19950503,114786.0)
(2,19931130,364116.0)
(1,TRUCK,19930223,126737.0)
(TRUCK,19940603,61747.0)
(1,FOB,19920730,173829.0)
(1,RAIL,19970729,64089.0)
(1,19930929,120131.0)
(1,AIR,19960319,63189.0)
(AIR,19930304,55801.0)
(2,RAIL,19921229,58564.0)
(1,19950729,424783.0)
(2,FOB,19950318,128299.0)
(MAIL,19931221,246207.0)
(2,SHIP,19930205,63609.0)
(1,1.82531794E8)
(1,19960601,62047.0)
(1,RAIL,19930507,56341.0)
(1,REG AIR,19921028,63009.0)
(2,RAIL,19940408,57903.0)
(TRUCK,19920218,112082.0)
(RAIL,19930128,63009.0)
(1,19980221,64270.0)
(2,19980730,305072.0)
(TRUCK,19960827,63069.0)
(1,MAIL,19920215,54540.0)
(1,REG AIR,19950116,57243.0)
(1,SHIP,19930817,115326.0)
(1,19980113,186562.0)
(AIR,19930430,58804.0)
(SHIP,19950913,62227.0)
(2,RAIL,19920815,62588.0)
(2,REG AIR,19960815,121092.0)
(1,AIR,19920827,57303.0)
(FOB,19950620,57423.0)
(SHIP,19960507,60846.0)
(REG AIR,19921003,63189.0)
(RAIL,19930830,54660.0)
(AIR,19940826,63729.0)
(1,MAIL,19941113,54360.0)
(1,REG AIR,19980410,61987.0)
(MAIL,19970804,130161.0)
(AIR,19941005,61026.0)
(1,MAIL,19980408,61567.0)
(FOB,19950909,58444.0)
(2,TRUCK,19940418,122653.0)
(1,AIR,19951201,65110.0)
(1,FOB,19950520,58804.0)
(FOB,19950729,178755.0)
(2,SHIP,19920918,58984.0)
(2,19961029,225008.0)
(2,19980613,64930.0)
(2,SHIP,19940925,65531.0)
(1,AIR,19951030,60846.0)
(2,TRUCK,19920528,61026.0)
(FOB,19950503,120971.0)
(REG AIR,19931011,62828.0)
(2,19940103,128779.0)
(2,FOB,19920519,56281.0)
(19970915,65591.0)
(1,TRUCK,19950924,58264.0)
(1,TRUCK,19940420,56882.0)
(2,19940527,58984.0)
(19941106,178754.0)
(1,MAIL,19950609,59164.0)
(2,SHIP,19960815,59645.0)
(1,SHIP,19940609,62047.0)
(2,AIR,19970926,56642.0)
(2,19930212,60366.0)
(FOB,19930127,57963.0)
(1,TRUCK,19980624,120671.0)
(1,AIR,19950419,57423.0)
(1,AIR,19970525,118749.0)
(AIR,19980507,124275.0)
(2,19941229,181878.0)
(1,19930127,57963.0)
(19920703,302669.0)
(RAIL,19950612,61327.0)
(1,19921127,59525.0)
(1,AIR,19941202,61927.0)
(19960510,405743.0)
(1,RAIL,19970819,62768.0)
(2,SHIP,19930430,126557.0)
(1,AIR,19920124,63849.0)
(19930225,59825.0)
(MAIL,19930628,175571.0)
(1,TRUCK,19950825,113644.0)
(RAIL,19950919,59885.0)
(1,19960917,61026.0)
(1,REG AIR,19931126,58984.0)
(1,FOB,19920721,64630.0)
(RAIL,19980114,62408.0)
(FOB,19920425,318644.0)
(REG AIR,19970315,65411.0)
(TRUCK,19941215,61387.0)
(1,FOB,19951123,57003.0)
(2,MAIL,19961208,65891.0)
(19950412,57003.0)
(2,SHIP,19980129,57063.0)
(2,RAIL,19931110,55861.0)
(1,SHIP,19940618,119591.0)
(2,RAIL,19970216,57843.0)
(2,AIR,19931208,56221.0)
(2,AIR,19940505,240623.0)
(2,FOB,19960803,58804.0)
(RAIL,19920921,130641.0)
(MAIL,19930420,62768.0)
(FOB,19950314,55981.0)
(AIR,19950726,168965.0)
(2,MAIL,19931021,58564.0)
(1,FOB,19970401,63549.0)
(1,SHIP,19950716,64210.0)
(1,TRUCK,19940312,60066.0)
(2,AIR,19950108,59945.0)
(2,AIR,19960323,65771.0)
(19951123,119711.0)
(AIR,19941212,125897.0)
(SHIP,19980523,120851.0)
(19980626,365497.0)
(2,MAIL,19961019,59825.0)
(2,RAIL,19921012,54360.0)
(AIR,19940925,121212.0)
(AIR,19940312,112683.0)
(1,MAIL,19951031,60006.0)
(1,RAIL,19920805,116528.0)
(2,REG AIR,19961102,64390.0)
(2,19930915,231974.0)
(2,19970407,127878.0)
(1,TRUCK,19941113,171548.0)
(2,19950724,175812.0)
(FOB,19920416,180856.0)
(19930603,239481.0)
(2,19970317,119950.0)
(TRUCK,19930820,56522.0)
(2,19961128,117308.0)
(1,SHIP,19980416,61987.0)
(1,MAIL,19920828,56041.0)
(1,MAIL,19970319,59585.0)
(1,19930406,65531.0)
(REG AIR,19970306,64210.0)
(MAIL,19960210,115807.0)
(SHIP,19930221,241582.0)
(AIR,19970120,183739.0)
(AIR,19931114,59284.0)
(1,AIR,19970110,58984.0)
(SHIP,19950319,56221.0)
(AIR,19961102,58324.0)
(19941124,350302.0)
(FOB,19960629,62648.0)
(1,RAIL,19930129,58504.0)
(1,RAIL,19951018,63069.0)
(TRUCK,19941206,61026.0)
(2,RAIL,19940921,116287.0)
(1,AIR,19931014,54180.0)
(2,TRUCK,19980531,61807.0)
(2,19931121,55441.0)
(TRUCK,19930406,66012.0)
(AIR,19950519,54960.0)
(1,19940405,126497.0)
(19970410,119050.0)
(FOB,19940306,60066.0)
(SHIP,19961001,182298.0)
(2,AIR,19980114,54300.0)
(2,REG AIR,19930205,64149.0)
(19951204,355407.0)
(FOB,19940603,60966.0)
(SHIP,19960417,65110.0)
(19951222,416314.0)
(2,TRUCK,19950705,62768.0)
(SHIP,19930528,65531.0)
(1,FOB,19950223,65771.0)
(19950115,118750.0)
(2,19921104,57723.0)
(RAIL,19980330,57483.0)
(SHIP,19971226,119470.0)
(RAIL,19960107,121092.0)
(2,REG AIR,19961210,60426.0)
(2,AIR,19961214,64750.0)
(1,TRUCK,19941005,116167.0)
(19950610,54300.0)
(AIR,19960617,63729.0)
(RAIL,19930317,65531.0)
(1,TRUCK,19950717,54480.0)
(2,RAIL,19921210,54120.0)
(1,FOB,19960501,59104.0)
(1,REG AIR,19930514,56041.0)
(2,19920411,253414.0)
(REG AIR,19980729,54540.0)
(MAIL,19930907,61387.0)
(19950908,178213.0)
(1,FOB,19970113,58744.0)
(2,19930618,301770.0)
(AIR,19951013,124995.0)
(1,MAIL,19940727,65951.0)
(REG AIR,19960226,59585.0)
(2,19930609,119890.0)
(TRUCK,19921127,59525.0)
(TRUCK,19930505,62287.0)
(1,MAIL,19980228,128599.0)
(MAIL,19971218,56642.0)
(1,19920416,56762.0)
(MAIL,19950617,57183.0)
(REG AIR,19921201,114364.0)
(1,AIR,19920304,54060.0)
(SHIP,19920510,58564.0)
(1,MAIL,19920305,64690.0)
(2,REG AIR,19980525,54840.0)
(SHIP,19960822,115326.0)
(1,REG AIR,19930406,65531.0)
(2,FOB,19920726,62468.0)
(19931017,186202.0)
(19971121,519689.0)
(2,FOB,19920320,57123.0)
(RAIL,19940118,61927.0)
(2,19961218,232755.0)
(2,SHIP,19940826,65170.0)
(SHIP,19920303,55741.0)
(1,RAIL,19930516,57243.0)
(1,FOB,19941124,114005.0)
(2,RAIL,19960802,115926.0)
(1,19960205,303331.0)
(MAIL,19930925,60606.0)
(1,FOB,19960817,58324.0)
(1,REG AIR,19941206,57063.0)
(2,SHIP,19970526,118870.0)
(2,REG AIR,19950924,56041.0)
