(2,RAIL,19960512,256178.0)
(1,AIR,19920320,56402.0)
(1,SHIP,19931003,59344.0)
(FOB,19930927,66012.0)
(2,TRUCK,19940308,64810.0)
(AIR,19970614,55020.0)
(1,RAIL,19970411,64450.0)
(FOB,19951023,62828.0)
(1,SHIP,19930905,56882.0)
(1,19921026,178214.0)
(19920828,313360.0)
(SHIP,19970225,62167.0)
(1,MAIL,19930113,56882.0)
(1,MAIL,19940914,110401.0)
(TRUCK,19940601,62708.0)
(19950519,306032.0)
(TRUCK,19950826,118930.0)
(19940925,657597.0)
(19950618,605159.0)
(RAIL,19920730,122834.0)
(AIR,19930609,55020.0)
(TRUCK,19950123,121933.0)
(1,REG AIR,19980120,60306.0)
(MAIL,19930428,61447.0)
(19930827,56281.0)
(2,AIR,19960303,63309.0)
(19940213,189205.0)
(2,RAIL,19951125,56522.0)
(FOB,19950105,64570.0)
(1,19930404,491453.0)
(2,SHIP,19980730,64930.0)
(1,AIR,19930617,65411.0)
(2,AIR,19940909,111121.0)
(2,AIR,19961212,122173.0)
(REG AIR,19940505,351024.0)
(1,19950105,178995.0)
(SHIP,19920310,64330.0)
(SHIP,19980314,55981.0)
(1,AIR,19960524,58984.0)
(2,AIR,19970410,54540.0)
(AIR,19920420,64390.0)
(2,19980305,236839.0)
(SHIP,19931228,63249.0)
(1,TRUCK,19980523,61387.0)
(1,FOB,19980507,64450.0)
(1,19970905,246448.0)
(REG AIR,19951125,63369.0)
(1,FOB,19941005,58624.0)
(MAIL,19931229,62107.0)
(REG AIR,19940109,116887.0)
(REG AIR,19930317,120371.0)
(2,19921210,118029.0)
(2,MAIL,19980124,56281.0)
(2,19920220,314921.0)
(1,AIR,19940625,56281.0)
(SHIP,19920914,111663.0)
(1,19941123,292699.0)
(TRUCK,19931205,179776.0)
(TRUCK,19941105,55201.0)
(19980723,785715.0)
(2,19920824,59765.0)
(1,AIR,19960209,120490.0)
(19920729,252333.0)
(1,19930413,174492.0)
(1,FOB,19970607,57603.0)
(19930601,65350.0)
(RAIL,19961104,65411.0)
(1,FOB,19970210,119530.0)
(2,19931110,112082.0)
(2,AIR,19971031,55020.0)
(AIR,19940130,115687.0)
(1,19950501,357509.0)
(MAIL,19920609,128299.0)
(1,19950916,127819.0)
(2,FOB,19970404,64990.0)
(1,TRUCK,19950913,55861.0)
(1,RAIL,19930820,64210.0)
(2,FOB,19940902,108600.0)
(2,TRUCK,19941019,115266.0)
(2,AIR,19930108,61026.0)
(REG AIR,19940929,123674.0)
(2,FOB,19930309,58023.0)
(2,TRUCK,19970828,59344.0)
(19930728,55080.0)
(2,19941001,295702.0)
(1,SHIP,19930824,59705.0)
(1,REG AIR,19930521,61387.0)
(1,SHIP,19980621,119230.0)
(2,19950704,180137.0)
(1,AIR,19931003,64510.0)
(2,REG AIR,19960804,59945.0)
(RAIL,19931224,54180.0)
(2,SHIP,19970731,118750.0)
(1,19930116,60306.0)
(SHIP,19920707,194790.0)
(2,SHIP,19960822,59885.0)
(1,RAIL,19951223,120371.0)
(AIR,19920114,65110.0)
(2,19960505,303871.0)
(2,FOB,19960612,59885.0)
(2,FOB,19930714,59344.0)
(1,MAIL,19920510,63909.0)
(1,AIR,19961028,65471.0)
(1,TRUCK,19980802,62768.0)
(1,SHIP,19940409,61207.0)
(MAIL,19960506,183200.0)
(19940123,62828.0)
(AIR,19931130,63669.0)
(2,FOB,19931227,118449.0)
(2,REG AIR,19931031,65951.0)
(19980525,660299.0)
(RAIL,19941223,54660.0)
(RAIL,19960925,64029.0)
(2,19921120,122293.0)
(2,19971107,121692.0)
(FOB,19950709,57123.0)
(TRUCK,19970527,122713.0)
(RAIL,19960420,64870.0)
(2,TRUCK,19921228,56041.0)
(2,REG AIR,19960417,62948.0)
(1,19920829,129801.0)
(REG AIR,19970412,122774.0)
(19950320,243025.0)
(1,SHIP,19931021,62588.0)
(MAIL,19921022,65050.0)
(2,19920130,126497.0)
(19930106,415534.0)
(FOB,19970806,54540.0)
(2,FOB,19960928,54120.0)
(1,FOB,19960815,63249.0)
(1,REG AIR,19920630,118509.0)
(1,FOB,19930304,60366.0)
(19920305,251312.0)
(2,MAIL,19920904,64510.0)
(1,TRUCK,19920303,65471.0)
(2,AIR,19951204,64810.0)
(2,SHIP,19930221,121272.0)
(1,AIR,19930310,60306.0)
(SHIP,19971017,62047.0)
(TRUCK,19920117,116948.0)
(AIR,19930924,123134.0)
(2,19970621,236778.0)
(RAIL,19980725,61086.0)
(1,19931205,354807.0)
(19941113,525514.0)
(19950726,534341.0)
(2,TRUCK,19940407,59044.0)
(AIR,19961218,55140.0)
(REG AIR,19960305,60306.0)
(2,TRUCK,19921110,115927.0)
(19980714,182898.0)
(1,19940331,125657.0)
(1,MAIL,19940130,55020.0)
(2,19960802,180136.0)
(MAIL,19960821,64390.0)
(RAIL,19940107,56702.0)
(1,19970527,62588.0)
(1,RAIL,19960629,65050.0)
(1,MAIL,19951110,122773.0)
(19961003,250832.0)
(2,RAIL,19941216,58324.0)
(AIR,19940617,59525.0)
(1,TRUCK,19940608,54180.0)
(FOB,19920405,112083.0)
(2,AIR,19960628,65831.0)
(1,AIR,19980720,62528.0)
(2,TRUCK,19920229,55981.0)
(MAIL,19961019,59825.0)
(MAIL,19960830,63249.0)
(1,AIR,19960605,62588.0)
(RAIL,19961203,61447.0)
(SHIP,19921229,55681.0)
(2,MAIL,19950802,63549.0)
(19941122,358831.0)
(FOB,19971111,64810.0)
(1,REG AIR,19940520,55020.0)
(2,SHIP,19980406,61867.0)
(1,MAIL,19970227,58804.0)
(1,19930602,118629.0)
(MAIL,19980117,64750.0)
(1,RAIL,19940117,62948.0)
(2,19961027,237799.0)
(REG AIR,19920921,60186.0)
(1,AIR,19950930,60966.0)
(TRUCK,19920513,119170.0)
(SHIP,19940101,111782.0)
(2,RAIL,19980123,64930.0)
(1,19930530,121332.0)
(1,AIR,19920528,64149.0)
(1,SHIP,19961226,56041.0)
(1,SHIP,19920609,60186.0)
(1,19930305,62888.0)
(AIR,19960101,54420.0)
(19961120,1028919.0)
(AIR,19940914,62768.0)
(2,MAIL,19920913,56522.0)
(RAIL,19940521,183979.0)
(1,FOB,19941221,59945.0)
(1,MAIL,19950913,65170.0)
(1,19931124,474397.0)
(2,19961009,307054.0)
(SHIP,19930724,64210.0)
(SHIP,19950821,63129.0)
(2,AIR,19970924,65170.0)
(1,AIR,19980603,119290.0)
(FOB,19980418,116167.0)
(2,REG AIR,19940419,63789.0)
(2,19970207,54120.0)
(19921025,303750.0)
(1,19980427,54300.0)
(1,FOB,19941212,62528.0)
(1,FOB,19920215,116407.0)
(2,AIR,19930829,57723.0)
(2,19971017,121512.0)
(1,SHIP,19940508,58804.0)
(1,SHIP,19960731,60126.0)
(1,SHIP,19971225,63789.0)
(2,19920914,411150.0)
(SHIP,19980521,126377.0)
(1,FOB,19930511,55981.0)
(MAIL,19960731,58023.0)
(19920107,119410.0)
(1,FOB,19980723,190046.0)
(1,REG AIR,19941222,118268.0)
(MAIL,19970712,64390.0)
(1,SHIP,19960821,123615.0)
(1,19940520,231733.0)
(RAIL,19930405,184520.0)
(1,REG AIR,19960131,57423.0)
(1,AIR,19980216,60186.0)
(2,AIR,19960510,55501.0)
(2,REG AIR,19930104,56041.0)
(19930313,593146.0)
(2,19970324,376128.0)
(FOB,19970824,55921.0)
(REG AIR,19970728,55140.0)
(AIR,19950102,61747.0)
(19980408,431029.0)
(AIR,19960822,56221.0)
(RAIL,19950520,117908.0)
(2,AIR,19931206,55861.0)
(19970210,297383.0)
(1,RAIL,19950729,61867.0)
(19950717,404362.0)
(19920819,428206.0)
(SHIP,19920608,120251.0)
(TRUCK,19970121,180316.0)
(2,RAIL,19971114,57363.0)
(REG AIR,19921119,57603.0)
(REG AIR,19940820,120370.0)
(RAIL,19970401,63849.0)
(2,FOB,19960108,62167.0)
(RAIL,19970528,56642.0)
(19970427,236058.0)
(FOB,19940331,63969.0)
(1,19970707,180377.0)
(MAIL,19960713,64210.0)
(2,AIR,19940521,57543.0)
(2,REG AIR,19930618,54240.0)
(2,MAIL,19960829,65471.0)
(19970111,429347.0)
(2,MAIL,19971106,113224.0)
(1,SHIP,19961028,57423.0)
(2,RAIL,19980411,61146.0)
(2,FOB,19960405,64870.0)
(2,REG AIR,19930708,54420.0)
(2,19960910,378230.0)
(1,MAIL,19930311,61987.0)
(2,19930823,181457.0)
(1,19920315,306634.0)
(2,AIR,19930504,63489.0)
(FOB,19920315,114786.0)
(1,19950826,111061.0)
(1,SHIP,19980108,61327.0)
(2,AIR,19960907,56462.0)
(REG AIR,19970223,110401.0)
(1,19940313,177434.0)
(1,FOB,19971129,64089.0)
(SHIP,19960901,114365.0)
(2,19940408,224826.0)
(2,REG AIR,19951110,61867.0)
(1,TRUCK,19960804,55020.0)
(2,19960622,363636.0)
(2,REG AIR,19941229,56822.0)
(TRUCK,19920405,119650.0)
(1,RAIL,19950530,65350.0)
(SHIP,19940615,65110.0)
(1,19970617,416734.0)
(1,SHIP,19920113,127397.0)
(RAIL,19971031,55441.0)
(2,19930814,119591.0)
(19960707,713337.0)
(2,REG AIR,19960813,65651.0)
(1,FOB,19931231,55261.0)
(FOB,19980724,185782.0)
(FOB,19930729,117548.0)
(1,FOB,19950825,55080.0)
(19930809,170527.0)
(1,MAIL,19970713,58143.0)
(1,19941105,116527.0)
(REG AIR,19970205,63729.0)
(2,19921012,111663.0)
(19930629,677537.0)
(AIR,19980523,130402.0)
(FOB,19971021,188664.0)
(19970616,182599.0)
(RAIL,19931125,120912.0)
(REG AIR,19950504,59405.0)
(RAIL,19970104,112023.0)
(1,REG AIR,19951113,61146.0)
(FOB,19930611,60966.0)
(1,RAIL,19940621,64450.0)
(REG AIR,19950216,65110.0)
(2,FOB,19921002,57663.0)
(1,MAIL,19960804,55261.0)
(1,AIR,19920726,62347.0)
(MAIL,19970127,56402.0)
(2,SHIP,19980424,65771.0)
(1,RAIL,19950224,122112.0)
(1,AIR,19961208,60306.0)
(1,AIR,19960713,59765.0)
(1,19970112,298824.0)
(19940105,60006.0)
(SHIP,19950515,57783.0)
(TRUCK,19970824,237380.0)
(1,19920603,717483.0)
(SHIP,19970423,117007.0)
(2,SHIP,19980316,60006.0)
(REG AIR,19951107,118750.0)
(1,SHIP,19930617,64630.0)
(2,SHIP,19980613,64930.0)
(RAIL,19961212,128899.0)
(2,REG AIR,19940617,65531.0)
(1,19971012,303391.0)
(2,RAIL,19940721,60126.0)
(FOB,19920621,61086.0)
(1,TRUCK,19970614,60426.0)
(1,MAIL,19930708,60546.0)
(TRUCK,19970509,57783.0)
(2,19970126,182599.0)
(1,19960131,57423.0)
(AIR,19950913,58984.0)
(TRUCK,19960906,63909.0)
(2,19930805,126497.0)
(1,SHIP,19940715,54540.0)
(AIR,19980721,180256.0)
(REG AIR,19971006,64149.0)
(1,AIR,19941219,65170.0)
(1,19950808,57423.0)
(2,19930120,62888.0)
(REG AIR,19970313,64210.0)
(SHIP,19960208,115987.0)
(19980624,431267.0)
(REG AIR,19960206,120071.0)
(SHIP,19970621,116407.0)
(2,RAIL,19940505,58204.0)
(REG AIR,19920219,59465.0)
(1,19961112,312999.0)
(TRUCK,19970220,110401.0)
(19980228,972456.0)
(19960310,120551.0)
(REG AIR,19980303,246208.0)
(AIR,19971226,128419.0)
(1,FOB,19950717,56762.0)
(2,19921229,242243.0)
(1,SHIP,19940427,64990.0)
(19921205,351864.0)
(SHIP,19930904,116828.0)
(2,RAIL,19950919,59885.0)
(1,SHIP,19980117,64810.0)
(RAIL,19970807,179055.0)
(RAIL,19951006,59525.0)
(19970319,293181.0)
(TRUCK,19950501,240081.0)
(AIR,19980424,123134.0)
(19930511,411750.0)
(2,MAIL,19940920,59104.0)
(1,MAIL,19970812,65651.0)
(19950302,611224.0)
(RAIL,19920712,120972.0)
(RAIL,19921207,64510.0)
(1,REG AIR,19941123,59405.0)
(SHIP,19940705,124635.0)
(1,FOB,19940925,54720.0)
(TRUCK,19950529,64690.0)
(1,MAIL,19980424,64750.0)
(TRUCK,19920315,56041.0)
(2,RAIL,19980727,62708.0)
(FOB,19950808,59284.0)
(2,MAIL,19920328,61867.0)
(FOB,19930521,56341.0)
(2,19980107,465448.0)
(1,19940827,109861.0)
(REG AIR,19941027,64690.0)
(1,TRUCK,19950319,59044.0)
(19940529,64690.0)
(RAIL,19970429,54360.0)
(FOB,19920513,64810.0)
(MAIL,19930329,63849.0)
(REG AIR,19931226,110461.0)
(19960527,246208.0)
(MAIL,19950624,63849.0)
(2,TRUCK,19920805,60666.0)
(2,REG AIR,19920907,114005.0)
(2,REG AIR,19930131,126557.0)
(2,FOB,19920229,61747.0)
(2,19960127,120190.0)
(2,SHIP,19971109,63909.0)
(2,MAIL,19941109,60786.0)
(1,19930521,359010.0)
(2,TRUCK,19941217,63969.0)
(TRUCK,19960311,111782.0)
(2,AIR,19940323,58684.0)
(2,19920419,303331.0)
(SHIP,19920130,54540.0)
(19940402,63069.0)
(2,FOB,19980313,56762.0)
(2,MAIL,19921219,57483.0)
(MAIL,19950110,55441.0)
(19970120,364175.0)
(REG AIR,19950522,56642.0)
(19960815,538787.0)
(TRUCK,19940403,54420.0)
(TRUCK,19970905,60186.0)
(SHIP,19941001,62468.0)
(MAIL,19980531,117788.0)
(2,19940705,247948.0)
(19950825,423220.0)
(1,19920919,115567.0)
(1,RAIL,19951214,128179.0)
(1,19960915,56582.0)
(2,TRUCK,19950721,60726.0)
(2,RAIL,19980501,62888.0)
(2,AIR,19971121,57603.0)
(1,19980328,63549.0)
(1,19971021,191847.0)
(1,19970518,60666.0)
(1,19960816,178575.0)
(2,19921030,186081.0)
(1,19941222,242723.0)
(SHIP,19921030,58864.0)
(AIR,19950427,129560.0)
(FOB,19980102,59825.0)
(1,19971030,477640.0)
(RAIL,19950430,129800.0)
(1,19970121,54360.0)
(19950609,182417.0)
(1,SHIP,19980513,57183.0)
(FOB,19960717,57183.0)
(TRUCK,19970806,60606.0)
(1,REG AIR,19970518,60666.0)
(2,SHIP,19930113,59705.0)
(2,19961216,62648.0)
(REG AIR,19971123,118689.0)
(2,19930508,61086.0)
(1,19951113,190226.0)
(REG AIR,19961025,64990.0)
(FOB,19961112,180016.0)
(2,RAIL,19930830,54660.0)
(2,AIR,19931125,62408.0)
(2,AIR,19960411,59525.0)
(SHIP,19920905,55621.0)
(AIR,19920411,59284.0)
(1,19980418,549178.0)
(1,TRUCK,19980721,62227.0)
(1,19960717,242245.0)
(1,19920513,242964.0)
(2,19930724,60966.0)
(1,MAIL,19960309,63429.0)
(19970517,898878.0)
(2,19950803,115686.0)
(19941221,367360.0)
(2,SHIP,19961001,63969.0)
(1,19920621,121572.0)
(2,19920815,539989.0)
(2,19920905,240381.0)
(SHIP,19931129,113044.0)
(19930115,428084.0)
(1,REG AIR,19920603,58444.0)
(1,SHIP,19970127,65951.0)
(1,AIR,19970811,59224.0)
(19940727,185361.0)
(1,REG AIR,19931124,56822.0)
(1,TRUCK,19970731,58264.0)
(19941203,407966.0)
(TRUCK,19931115,64930.0)
(1,TRUCK,19970713,129500.0)
(2,19950227,353605.0)
(1,FOB,19920521,119710.0)
(SHIP,19930102,127398.0)
(2,19940921,421478.0)
(19920620,178514.0)
(1,FOB,19980228,63909.0)
(MAIL,19940120,64630.0)
(1,FOB,19961012,55140.0)
(19960824,307534.0)
(2,TRUCK,19970107,55501.0)
(1,FOB,19921205,56942.0)
(TRUCK,19940827,56161.0)
(1,SHIP,19960506,120911.0)
(TRUCK,19960816,60066.0)
(2,TRUCK,19920111,62648.0)
(2,19930111,179776.0)
(AIR,19940103,63489.0)
(AIR,19930618,60786.0)
(1,RAIL,19951115,111362.0)
(2,MAIL,19980728,60126.0)
(MAIL,19920429,63129.0)
(AIR,19920510,130881.0)
(REG AIR,19920822,58264.0)
(2,TRUCK,19970404,60606.0)
(2,RAIL,19940604,60306.0)
(2,19970531,475359.0)
(1,TRUCK,19980406,56702.0)
(TRUCK,19920207,54780.0)
(1,FOB,19950609,62107.0)
(19921007,422079.0)
(2,FOB,19961107,178033.0)
(TRUCK,19970103,65771.0)
(1,FOB,19970706,121092.0)
(1,19970806,117729.0)
(SHIP,19940930,116527.0)
(2,RAIL,19950612,61327.0)
(2,RAIL,19980330,57483.0)
(MAIL,19931210,112444.0)
(1,19921008,235637.0)
(1,TRUCK,19930113,62167.0)
(2,REG AIR,19980316,126978.0)
(MAIL,19961208,65891.0)
(2,AIR,19971112,58684.0)
(1,FOB,19930421,58324.0)
(MAIL,19920618,62468.0)
(1,AIR,19941129,59164.0)
(MAIL,19920627,54780.0)
(1,SHIP,19950426,57543.0)
(TRUCK,19940520,119530.0)
(1,AIR,19961019,62588.0)
(FOB,19970103,58744.0)
(2,19970928,244765.0)
(2,19920310,352465.0)
(19940411,54900.0)
(19960103,411991.0)
(19930926,346639.0)
(2,FOB,19950316,62588.0)
(2,19930102,240743.0)
(19960112,114306.0)
(1,REG AIR,19950222,55140.0)
(2,REG AIR,19931130,61927.0)
(2,MAIL,19940902,61207.0)
(2,REG AIR,19920628,54420.0)
(1,FOB,19951031,55140.0)
(19970607,346940.0)
(2,RAIL,19950513,61627.0)
(2,SHIP,19920420,58864.0)
(2,MAIL,19980322,57123.0)
(1,19980724,115927.0)
(2,19980521,181097.0)
(2,FOB,19950415,126738.0)
(2,TRUCK,19980322,61507.0)
(19931222,183019.0)
(FOB,19950826,58023.0)
(1,19950123,119410.0)
(FOB,19950411,122353.0)
(1,RAIL,19940612,56101.0)
(REG AIR,19971231,119710.0)
(19980129,243865.0)
(AIR,19940419,57543.0)
(2,19961117,243025.0)
(REG AIR,19960224,64990.0)
(MAIL,19960803,122833.0)
(AIR,19931202,63189.0)
(TRUCK,19970617,120190.0)
(1,RAIL,19960106,63429.0)
(AIR,19920916,113104.0)
(19961012,416314.0)
(RAIL,19980518,58864.0)
(1,19940926,305672.0)
(FOB,19930413,57063.0)
(RAIL,19930829,172869.0)
(RAIL,19960907,118870.0)
(AIR,19961128,62888.0)
(REG AIR,19930227,115747.0)
(2,FOB,19940227,57123.0)
(1,19920306,189325.0)
(1,FOB,19920305,56221.0)
(19960806,64450.0)
(1,19960429,172929.0)
(1,RAIL,19920821,179897.0)
(1,MAIL,19970326,58804.0)
(1,TRUCK,19930131,63849.0)
(REG AIR,19980420,64870.0)
(1,19971229,57903.0)
(MAIL,19920906,58684.0)
(MAIL,19950417,128719.0)
(2,MAIL,19930507,65951.0)
(RAIL,19930126,118629.0)
(2,FOB,19920508,56942.0)
(19970526,655134.0)
(1,SHIP,19940706,58804.0)
(2,SHIP,19930618,64390.0)
(2,RAIL,19960404,55381.0)
(2,19940101,289696.0)
(2,REG AIR,19980721,59104.0)
(REG AIR,19950612,64390.0)
(19960923,61687.0)
(2,19940822,125356.0)
(FOB,19960311,59825.0)
(1,19950411,181879.0)
(2,RAIL,19950720,55441.0)
(1,19970824,426163.0)
(FOB,19920801,60486.0)
(2,19950515,183920.0)
(TRUCK,19930602,60966.0)
(AIR,19970803,112864.0)
(2,AIR,19970203,63189.0)
(FOB,19930602,57663.0)
(MAIL,19940625,57843.0)
(2,MAIL,19940326,57543.0)
(2,FOB,19940911,65711.0)
(2,REG AIR,19930609,64870.0)
(19960121,123194.0)
(REG AIR,19980619,114545.0)
(2,FOB,19961116,59645.0)
(1,FOB,19980525,61086.0)
(1,19950529,60906.0)
(1,19930611,170587.0)
(2,FOB,19920805,62828.0)
(REG AIR,19960314,171907.0)
(RAIL,19941124,117187.0)
(19920927,363996.0)
(FOB,19970112,56041.0)
(2,19961126,425983.0)
(2,AIR,19920505,57183.0)
(2,FOB,19940506,130041.0)
(REG AIR,19960422,112744.0)
(1,TRUCK,19940202,60846.0)
(2,FOB,19970828,61507.0)
(2,MAIL,19970620,61507.0)
(2,FOB,19930903,65891.0)
(1,TRUCK,19960110,54420.0)
(2,TRUCK,19950604,172929.0)
(REG AIR,19940901,64810.0)
(2,REG AIR,19950913,60246.0)
(19980507,431268.0)
(REG AIR,19941126,57603.0)
(SHIP,19921021,125716.0)
(1,MAIL,19931202,54300.0)
(1,MAIL,19951011,60486.0)
(REG AIR,19961223,58984.0)
(1,19971111,54180.0)
(1,19920324,172989.0)
(2,19980323,56882.0)
(AIR,19970830,117488.0)
(2,FOB,19961224,62768.0)
(MAIL,19960218,62167.0)
(19970814,57363.0)
(19970328,65290.0)
(TRUCK,19980120,112744.0)
(1,REG AIR,19980418,125116.0)
(2,19970306,128660.0)
(FOB,19960906,64270.0)
(2,TRUCK,19940920,56582.0)
(2,19940804,118570.0)
(1,19970310,55441.0)
(FOB,19970310,59765.0)
(SHIP,19970315,54120.0)
(19921214,228849.0)
(2,REG AIR,19980424,119410.0)
(1,RAIL,19921217,54540.0)
(1,FOB,19940529,64690.0)
(REG AIR,19930830,172448.0)
(1,19940412,183499.0)
(RAIL,19941106,55921.0)
(RAIL,19951015,130401.0)
(1,RAIL,19950503,60546.0)
(1,19980120,234076.0)
(1,AIR,19920816,116888.0)
(MAIL,19980621,128959.0)
(19950816,120852.0)
(FOB,19920630,113104.0)
(2,19960901,175812.0)
(1,19940601,62708.0)
(19920422,726193.0)
(1,AIR,19920609,62167.0)
(1,AIR,19960731,60366.0)
(AIR,19960813,119350.0)
(1,MAIL,19960101,57903.0)
(2,19970216,236358.0)
(REG AIR,19921010,60606.0)
(2,TRUCK,19960207,61207.0)
(AIR,19980703,115927.0)
(REG AIR,19971213,121872.0)
(2,AIR,19970429,59705.0)
(2,RAIL,19960422,62227.0)
(1,AIR,19980531,56762.0)
(MAIL,19940418,114125.0)
(1,TRUCK,19930203,118869.0)
(1,SHIP,19950624,62347.0)
(19960617,357990.0)
(19950906,64690.0)
(1,AIR,19970514,63129.0)
(2,19970108,182720.0)
(1,19960311,188784.0)
(2,RAIL,19941117,60546.0)
(REG AIR,19940604,111723.0)
(19961102,360093.0)
(2,AIR,19971130,65531.0)
(1,19951014,61146.0)
(2,AIR,19970906,63969.0)
(2,19921003,300929.0)
(1,19970130,111663.0)
(TRUCK,19940926,57243.0)
(RAIL,19970924,182358.0)
(2,MAIL,19941208,58504.0)
(2,TRUCK,19931227,62408.0)
(SHIP,19960820,550379.0)
(TRUCK,19941222,65230.0)
(2,19921201,188483.0)
(2,19980206,422800.0)
(1,REG AIR,19930404,123855.0)
(SHIP,19961126,63729.0)
(2,RAIL,19960323,58204.0)
(RAIL,19960510,112022.0)
(AIR,19941030,61507.0)
(2,TRUCK,19920102,61327.0)
(1,19940728,174972.0)
(1,FOB,19970526,59645.0)
(FOB,19970725,57123.0)
(FOB,19930404,177373.0)
(2,SHIP,19970830,55801.0)
(2,SHIP,19940518,63729.0)
(2,REG AIR,19920501,63789.0)
(2,REG AIR,19980703,61867.0)
(1,19960906,296424.0)
(AIR,19980316,55441.0)
(2,19971026,248130.0)
(1,TRUCK,19930618,113104.0)
(19920503,113464.0)
(19951103,59344.0)
(1,MAIL,19961029,63429.0)
(19930223,684142.0)
(1,TRUCK,19921023,118450.0)
(1,RAIL,19931126,56822.0)
(1,RAIL,19940108,64149.0)
(FOB,19941123,118449.0)
(AIR,19980712,119890.0)
(2,FOB,19970215,58804.0)
(2,REG AIR,19980208,57603.0)
(1,REG AIR,19960618,60906.0)
(AIR,19930302,122293.0)
(TRUCK,19921008,55681.0)
(TRUCK,19930413,55080.0)
(AIR,19970326,59284.0)
(RAIL,19961113,174250.0)
(19920521,364776.0)
(TRUCK,19971012,192748.0)
(1,REG AIR,19920829,64390.0)
(AIR,19930221,182839.0)
(19960914,702767.0)
(TRUCK,19930521,121992.0)
(2,RAIL,19970106,61146.0)
(2,MAIL,19940506,54900.0)
(1,AIR,19920519,62107.0)
(TRUCK,19950709,61086.0)
(19960301,373665.0)
(1,REG AIR,19940728,54060.0)
(1,REG AIR,19941105,116527.0)
(1,MAIL,19940419,57543.0)
(2,REG AIR,19930302,59885.0)
(1,REG AIR,19960906,57663.0)
(19970706,785594.0)
(1,MAIL,19921203,58264.0)
(2,MAIL,19920805,61807.0)
(2,RAIL,19930317,65531.0)
(2,AIR,19980518,62828.0)
(2,19930715,172389.0)
(2,RAIL,19940929,61086.0)
(19940420,231072.0)
(2,REG AIR,19920916,54180.0)
(TRUCK,19951113,60486.0)
(2,SHIP,19980703,59465.0)
(MAIL,19930905,57063.0)
(REG AIR,19941117,54840.0)
(1,SHIP,19970712,60726.0)
(2,MAIL,19970404,58924.0)
(1,REG AIR,19970824,62648.0)
(19920413,238220.0)
(RAIL,19940819,61327.0)
(AIR,19920501,172628.0)
(AIR,19921005,61207.0)
(MAIL,19941219,63909.0)
(AIR,19970317,55921.0)
(1,RAIL,19940630,120311.0)
(2,RAIL,19950531,121873.0)
(FOB,19980706,58384.0)
(1,MAIL,19960705,64390.0)
(2,RAIL,19950108,119471.0)
(1,SHIP,19971108,60546.0)
(2,REG AIR,19950922,65891.0)
(FOB,19920603,117069.0)
(19920404,65050.0)
(1,MAIL,19950427,61747.0)
(2,19970423,414330.0)
(2,SHIP,19920501,56462.0)
(MAIL,19961028,56161.0)
(19930304,171428.0)
(FOB,19971012,110041.0)
(19941212,797427.0)
(19930205,183979.0)
(2,TRUCK,19931119,241944.0)
(2,19970315,54120.0)
(1,SHIP,19920320,114425.0)
(2,TRUCK,19980205,56762.0)
(2,REG AIR,19920510,54960.0)
(SHIP,19960622,60426.0)
(FOB,19940430,118149.0)
(2,19940327,297984.0)
(2,MAIL,19950910,57543.0)
(RAIL,19950502,64149.0)
(AIR,19931031,61447.0)
(1,SHIP,19920906,58864.0)
(19951031,410908.0)
(SHIP,19940408,61927.0)
(SHIP,19960307,64690.0)
(1,RAIL,19960331,172388.0)
(REG AIR,19971015,65591.0)
(1,19960609,130041.0)
(RAIL,19930621,61747.0)
(2,FOB,19950721,57543.0)
(1,TRUCK,19951011,54240.0)
(2,19940615,125536.0)
(1,MAIL,19930221,55921.0)
(19930331,239602.0)
(REG AIR,19970214,54060.0)
(1,19920207,118088.0)
(MAIL,19940715,124755.0)
(MAIL,19950318,178155.0)
(1,TRUCK,19970830,119651.0)
(1,TRUCK,19950607,65350.0)
(1,AIR,19970712,54420.0)
(REG AIR,19970106,59945.0)
(2,MAIL,19961107,112804.0)
(1,RAIL,19931108,62468.0)
(2,REG AIR,19961218,55201.0)
(2,FOB,19951018,64390.0)
(2,19971125,57903.0)
(REG AIR,19960413,57423.0)
(1,TRUCK,19961029,56942.0)
(1,FOB,19950104,58444.0)
(1,19970725,234015.0)
(1,TRUCK,19950904,63909.0)
(MAIL,19940319,56882.0)
(2,19940525,184941.0)
(MAIL,19931021,58564.0)
(2,19970414,181819.0)
(1,19951023,292999.0)
(2,FOB,19960315,60786.0)
(1,FOB,19930629,63729.0)
(19940718,299907.0)
(1,FOB,19930430,58023.0)
(MAIL,19950525,124635.0)
(SHIP,19920419,61747.0)
(19920918,172808.0)
(AIR,19960507,62227.0)
(2,MAIL,19941019,65350.0)
(AIR,19931022,55321.0)
(19961210,308134.0)
(1,FOB,19950618,55501.0)
(1,19971120,113644.0)
(RAIL,19940602,121993.0)
(2,SHIP,19970407,62888.0)
(1,19970220,404963.0)
(2,19950821,309096.0)
(FOB,19931205,55621.0)
(AIR,19960804,55441.0)
(TRUCK,19960717,183139.0)
(2,MAIL,19961125,55020.0)
(2,FOB,19941109,66012.0)
(2,19940417,123734.0)
(1,REG AIR,19921008,55921.0)
(1,FOB,19920819,55501.0)
(2,AIR,19950502,192148.0)
(2,TRUCK,19971106,59645.0)
(AIR,19960110,116827.0)
(2,TRUCK,19960829,56882.0)
(MAIL,19960920,182238.0)
(2,SHIP,19950913,62227.0)
(REG AIR,19920426,125656.0)
(1,MAIL,19940518,61687.0)
(1,RAIL,19960917,61026.0)
(TRUCK,19940430,122833.0)
(2,19941010,429166.0)
(1,19950709,118209.0)
(AIR,19951011,55140.0)
(2,REG AIR,19940202,54420.0)
(2,19960217,236478.0)
(2,RAIL,19920101,59224.0)
(2,19920509,59465.0)
(2,MAIL,19960810,55921.0)
(1,TRUCK,19930221,179235.0)
(TRUCK,19950105,58324.0)
(2,RAIL,19930128,63009.0)
(19961111,233774.0)
(RAIL,19920109,181818.0)
(SHIP,19940327,55140.0)
(2,TRUCK,19980502,54660.0)
(2,FOB,19930228,60246.0)
(2,FOB,19950325,112504.0)
(2,TRUCK,19961116,64930.0)
(AIR,19980802,124575.0)
(2,FOB,19930507,54060.0)
(1,AIR,19950705,59945.0)
(2,TRUCK,19940227,124755.0)
(1,MAIL,19931031,63969.0)
(19940826,192988.0)
(2,19940813,63009.0)
(AIR,19950904,243745.0)
(REG AIR,19960512,62347.0)
(1,TRUCK,19920501,184581.0)
(1,RAIL,19930929,57303.0)
(2,19930526,177254.0)
(2,REG AIR,19970821,114966.0)
(2,AIR,19970221,57663.0)
(REG AIR,19940514,115206.0)
(2,TRUCK,19931218,57303.0)
(1,19960618,248610.0)
(TRUCK,19960131,56161.0)
(MAIL,19970424,54420.0)
(2,SHIP,19930915,176473.0)
(2,FOB,19950604,64570.0)
(1,FOB,19941203,57063.0)
(SHIP,19930715,54240.0)
(1,RAIL,19920425,65651.0)
(1,SHIP,19920519,63969.0)
(2,19980314,287474.0)
(SHIP,19971116,55981.0)
(1,19970509,175571.0)
(1,19940421,59284.0)
(FOB,19931115,64149.0)
(2,REG AIR,19930221,184821.0)
(2,FOB,19950109,116047.0)
(19970715,300868.0)
(FOB,19931124,64570.0)
(2,19960226,59585.0)
(2,RAIL,19920921,65951.0)
(RAIL,19980626,63909.0)
(RAIL,19930117,128119.0)
(19971129,244105.0)
(SHIP,19970531,55981.0)
(1,TRUCK,19961010,62347.0)
(1,RAIL,19961114,65230.0)
(RAIL,19980707,59104.0)
(TRUCK,19960915,56582.0)
(2,MAIL,19971223,119530.0)
(REG AIR,19960620,177073.0)
(MAIL,19920726,65951.0)
(2,RAIL,19961106,58504.0)
(2,TRUCK,19980511,64089.0)
(RAIL,19971130,61146.0)
(2,RAIL,19931226,61086.0)
(1,19961121,62768.0)
(1,19970103,186802.0)
(AIR,19960912,62948.0)
(2,19971116,235937.0)
(2,MAIL,19931218,64570.0)
(2,FOB,19960126,61927.0)
(SHIP,19971125,127818.0)
(TRUCK,19920603,112864.0)
(SHIP,19950704,125116.0)
(1,FOB,19930412,122293.0)
(2,TRUCK,19921002,118750.0)
(2,RAIL,19931019,54480.0)
(1,19920801,124635.0)
(2,19950407,238519.0)
(19951013,246567.0)
(REG AIR,19960107,112924.0)
(2,19960316,59405.0)
(1,RAIL,19921109,58744.0)
(REG AIR,19971114,130401.0)
(1,19980706,118629.0)
(TRUCK,19940313,120431.0)
(2,AIR,19920703,60906.0)
(TRUCK,19931124,121753.0)
(2,19940930,116828.0)
(2,REG AIR,19950319,112083.0)
(1,REG AIR,19960717,63369.0)
(2,REG AIR,19960309,56161.0)
(19930818,117789.0)
(19940321,177014.0)
(19931114,350243.0)
(1,REG AIR,19970725,121872.0)
(19920116,57483.0)
(2,SHIP,19920303,55741.0)
(MAIL,19971009,57903.0)
(19951130,179295.0)
(FOB,19970905,58444.0)
(2,19920707,182419.0)
(FOB,19940926,122713.0)
(AIR,19940329,183859.0)
(FOB,19940313,64450.0)
(MAIL,19920807,57003.0)
(SHIP,19980206,191849.0)
(2,SHIP,19950427,56041.0)
(1,MAIL,19960318,121451.0)
(2,19921021,304771.0)
(1,FOB,19960310,65771.0)
(TRUCK,19971111,169506.0)
(1,19970419,124635.0)
(2,RAIL,19921119,119170.0)
(FOB,19970419,55261.0)
(2,19950317,130161.0)
(2,RAIL,19961016,115687.0)
(RAIL,19920929,63849.0)
(2,FOB,19920319,196171.0)
(2,RAIL,19970223,63069.0)
(1,MAIL,19960110,64210.0)
(1,SHIP,19931229,120851.0)
(MAIL,19960326,181158.0)
(REG AIR,19930920,171187.0)
(2,RAIL,19950414,58384.0)
(1,SHIP,19960317,58744.0)
(1,AIR,19940508,55261.0)
(MAIL,19970217,245426.0)
(19930412,362855.0)
(TRUCK,19951023,118389.0)
(2,REG AIR,19920411,128719.0)
(1,19930729,57663.0)
(SHIP,19950227,60666.0)
(RAIL,19920307,55441.0)
(19980318,360032.0)
(SHIP,19960802,64210.0)
(1,19931007,55080.0)
(19940510,307354.0)
(1,RAIL,19931027,63489.0)
(1,AIR,19940526,59465.0)
(1,REG AIR,19970707,59705.0)
(19930430,305972.0)
(2,TRUCK,19961125,54420.0)
(1,FOB,19930223,64089.0)
(2,AIR,19950520,56702.0)
(19950221,59705.0)
(2,19940507,120972.0)
(2,FOB,19950523,57903.0)
(AIR,19961029,55441.0)
(2,REG AIR,19921203,57183.0)
(1,TRUCK,19961218,116708.0)
(2,REG AIR,19940103,65290.0)
(1,19920405,62528.0)
(TRUCK,19980427,112504.0)
(1,19931115,371262.0)
(2,19970504,57243.0)
(2,19950911,123434.0)
(1,SHIP,19960812,115986.0)
(2,19980729,119830.0)
(1,RAIL,19950323,54180.0)
(1,FOB,19930331,60786.0)
(2,MAIL,19950325,63969.0)
(2,19970603,235758.0)
(2,19920608,249390.0)
(2,MAIL,19940911,57603.0)
(2,TRUCK,19930723,62347.0)
(19931231,355889.0)
(2,19951127,126196.0)
(AIR,19930726,65471.0)
(2,FOB,19960810,58444.0)
(FOB,19920306,123674.0)
(1,TRUCK,19931031,58924.0)
(TRUCK,19940728,64930.0)
(SHIP,19931011,57723.0)
(1,TRUCK,19940914,61507.0)
(2,AIR,19941025,56161.0)
(2,19960820,982428.0)
(1,REG AIR,19970130,57483.0)
(2,REG AIR,19960101,61567.0)
(2,19931228,129080.0)
(2,MAIL,19930309,113405.0)
(MAIL,19980207,55561.0)
(2,19951028,59705.0)
(2,19970225,54120.0)
(TRUCK,19970112,176411.0)
(1,SHIP,19960713,113465.0)
(MAIL,19940814,57483.0)
(1,19980102,175151.0)
(2,RAIL,19961214,63609.0)
(FOB,19970527,58083.0)
(2,TRUCK,19961224,57963.0)
(1,FOB,19980624,64149.0)
(MAIL,19920113,112323.0)
(2,FOB,19970620,54720.0)
(19940312,236298.0)
(AIR,19930717,112443.0)
(2,19931129,117068.0)
(2,19960208,124214.0)
(AIR,19960417,59044.0)
(1,REG AIR,19931115,64149.0)
(1,19950222,356668.0)
(1,19940430,185301.0)
(SHIP,19920220,126497.0)
(1,REG AIR,19920919,61507.0)
(2,19931011,120551.0)
(1,TRUCK,19960912,57843.0)
(1,MAIL,19980316,112083.0)
(SHIP,19970324,62468.0)
(1,REG AIR,19920315,64210.0)
(2,REG AIR,19950102,115506.0)
(1,19920630,365798.0)
(2,19970513,119770.0)
(TRUCK,19920829,65411.0)
(1,19920117,123315.0)
(SHIP,19951127,64029.0)
(2,REG AIR,19961010,118569.0)
(SHIP,19980729,54660.0)
(19950104,238400.0)
(2,19930904,350482.0)
(1,REG AIR,19970220,117609.0)
(2,19960712,55861.0)
(FOB,19970707,241945.0)
(2,SHIP,19971226,119470.0)
(FOB,19971120,113524.0)
(RAIL,19960727,175933.0)
(1,AIR,19930626,57483.0)
(REG AIR,19920327,59525.0)
(REG AIR,19940316,54960.0)
(19930421,752081.0)
(MAIL,19960317,63069.0)
(RAIL,19930810,65230.0)
(AIR,19921203,66012.0)
(2,FOB,19950217,57363.0)
(2,AIR,19950908,112863.0)
(19920710,345859.0)
(19950924,354807.0)
(TRUCK,19930404,123433.0)
(1,SHIP,19980603,120491.0)
(RAIL,19970221,65531.0)
(SHIP,19920509,59465.0)
(MAIL,19970730,65230.0)
(AIR,19960318,64630.0)
(1,19930927,120492.0)
(19920215,598672.0)
(1,TRUCK,19980712,60306.0)
(2,RAIL,19940730,55201.0)
(FOB,19930530,65531.0)
(AIR,19950922,185061.0)
(1,MAIL,19950805,61927.0)
(1,REG AIR,2.6025198E7)
(1,19930620,184881.0)
(TRUCK,19920630,63129.0)
(2,REG AIR,19930212,60366.0)
(REG AIR,19931019,65711.0)
(REG AIR,19940424,55621.0)
(MAIL,19930310,127098.0)
(19941005,359191.0)
(1,AIR,19950624,60666.0)
(2,MAIL,19930525,58924.0)
(FOB,19971030,56702.0)
