(RAIL,19931004,124755.0)
(19940804,233837.0)
(1,AIR,19950413,64510.0)
(19960910,442800.0)
(2,RAIL,19920819,64210.0)
(MAIL,19950314,59044.0)
(1,19970208,65110.0)
(MAIL,19950125,64930.0)
(19921229,472414.0)
(19950704,369523.0)
(1,19930626,57483.0)
(TRUCK,19960506,56822.0)
(1,AIR,19940630,60186.0)
(2,19930702,61207.0)
(TRUCK,19920528,61026.0)
(19930805,185661.0)
(2,19931017,63849.0)
(19930823,239240.0)
(AIR,19920219,60606.0)
(RAIL,19930717,64990.0)
(2,REG AIR,19961223,58984.0)
(SHIP,19920730,58984.0)
(REG AIR,19950618,58804.0)
(2,19960510,350603.0)
(FOB,19980621,124996.0)
(MAIL,19921226,55201.0)
(MAIL,19950323,123194.0)
(2,AIR,19980523,66012.0)
(1,RAIL,19920322,57843.0)
(1,REG AIR,19931229,59284.0)
(SHIP,19971004,60246.0)
(1,19931229,294079.0)
(2,AIR,19950102,61747.0)
(1,RAIL,19970110,55201.0)
(2,19940206,116287.0)
(2,19920109,460404.0)
(FOB,19931210,65230.0)
(2,REG AIR,19940929,123674.0)
(1,AIR,19980717,64390.0)
(MAIL,19960809,54420.0)
(19970531,652252.0)
(1,REG AIR,19920618,60546.0)
(2,19951204,181037.0)
(2,19980626,241102.0)
(2,TRUCK,19940728,64930.0)
(1,FOB,19970126,61146.0)
(1,MAIL,19970205,117427.0)
(19950227,409466.0)
(1,AIR,19941215,65411.0)
(FOB,19920618,114905.0)
(1,SHIP,19940603,61927.0)
(AIR,19940901,56702.0)
(AIR,19940929,60426.0)
(SHIP,19970122,65891.0)
(TRUCK,19960812,63969.0)
(AIR,19950108,59945.0)
(19970621,540948.0)
(1,TRUCK,19970205,127278.0)
(RAIL,19920510,123554.0)
(1,19980207,115326.0)
(RAIL,19960507,64089.0)
(2,RAIL,19930511,58384.0)
(MAIL,19980311,65531.0)
(2,AIR,19921005,61207.0)
(MAIL,19941206,57003.0)
(1,REG AIR,19970109,54540.0)
(2,TRUCK,19930413,55080.0)
(1,19950930,60966.0)
(AIR,19970728,186804.0)
(1,FOB,19961009,65050.0)
(1,RAIL,19961002,61507.0)
(2,19920721,120912.0)
(MAIL,19930514,126677.0)
(2,19941016,54660.0)
(RAIL,19950319,184640.0)
(1,19930923,246147.0)
(2,MAIL,19971012,58924.0)
(1,19920816,295403.0)
(19970225,235757.0)
(AIR,19970926,121392.0)
(2,AIR,19941030,61507.0)
(MAIL,19920920,64930.0)
(1,19940526,59465.0)
(2,MAIL,19930404,119109.0)
(2,FOB,19920630,58324.0)
(1,TRUCK,19920101,63669.0)
(1,SHIP,19940306,57843.0)
(2,SHIP,19980501,62468.0)
(MAIL,19920425,55321.0)
(1,SHIP,19960205,56522.0)
(19960208,360332.0)
(1,RAIL,19960229,62287.0)
(2,SHIP,19960107,55801.0)
(2,REG AIR,19950522,56642.0)
(RAIL,19970515,59525.0)
(1,REG AIR,19971108,122894.0)
(2,AIR,19930924,61447.0)
(2,RAIL,19920107,54840.0)
(2,TRUCK,19960131,56161.0)
(2,AIR,19971226,64690.0)
(1,19980621,244226.0)
(1,SHIP,19931027,174671.0)
(1,MAIL,19920921,60246.0)
(TRUCK,19930130,188485.0)
(2,19930720,56822.0)
(2,MAIL,19960429,120371.0)
(1,AIR,19961213,58083.0)
(2,REG AIR,19951107,63549.0)
(TRUCK,19970109,127517.0)
(1,19950327,116527.0)
(AIR,19970205,64270.0)
(1,19940508,245307.0)
(19930508,61086.0)
(TRUCK,19980414,57723.0)
(2,19970924,371924.0)
(2,19950520,170767.0)
(FOB,19950318,128299.0)
(2,TRUCK,19970824,119651.0)
(2,AIR,19931022,55321.0)
(1,SHIP,19980717,122052.0)
(1,RAIL,19980425,64270.0)
(AIR,19950919,62287.0)
(1,MAIL,19950504,62528.0)
(19960901,175812.0)
(2,MAIL,19930602,65531.0)
(1,RAIL,19940131,61086.0)
(2,REG AIR,19971114,130401.0)
(AIR,19960620,245967.0)
(1,TRUCK,19980709,63669.0)
(1,RAIL,19951021,65230.0)
(1,MAIL,19980727,60726.0)
(1,TRUCK,19950405,62828.0)
(1,19931003,123854.0)
(REG AIR,19950924,56041.0)
(1,AIR,19931027,55741.0)
(RAIL,19931130,177434.0)
(2,19920325,172029.0)
(1,FOB,19971125,122173.0)
(2,REG AIR,19920219,59465.0)
(2,AIR,19960804,55441.0)
(2,AIR,19961029,55441.0)
(19970306,436314.0)
(TRUCK,19950507,124395.0)
(2,REG AIR,19961025,64990.0)
(MAIL,19960403,60126.0)
(2,19951222,122653.0)
(1,TRUCK,19950216,56161.0)
(1,REG AIR,19980513,64450.0)
(2,FOB,19930927,66012.0)
(MAIL,19951115,186922.0)
(2,FOB,19970310,59765.0)
(1,TRUCK,19971006,56642.0)
(REG AIR,19961012,183200.0)
(SHIP,19980626,120791.0)
(SHIP,19920109,57003.0)
(1,FOB,19941001,61327.0)
(1,AIR,19940306,62648.0)
(2,RAIL,19921214,56822.0)
(1,SHIP,19930514,57543.0)
(RAIL,19970731,57543.0)
(1,19980720,180916.0)
(1,19960524,58984.0)
(MAIL,19950305,121933.0)
(1,SHIP,19940405,65831.0)
(FOB,19960821,54360.0)
(1,REG AIR,19961019,56161.0)
(2,FOB,19970824,55921.0)
(2,19980725,121272.0)
(REG AIR,19920828,66012.0)
(2,RAIL,19970607,58864.0)
(RAIL,19930302,64149.0)
(1,19940427,129380.0)
(REG AIR,19951103,59344.0)
(1,19920906,172989.0)
(AIR,19930317,116227.0)
(2,FOB,19961112,117849.0)
(SHIP,19921216,63189.0)
(1,REG AIR,19940319,61867.0)
(2,RAIL,19921205,121873.0)
(2,19961203,124995.0)
(FOB,19930824,63249.0)
(SHIP,19920325,119410.0)
(RAIL,19920411,118028.0)
(2,TRUCK,19941222,65230.0)
(19971107,305131.0)
(REG AIR,19921025,57663.0)
(FOB,19970208,65110.0)
(1,19960830,188665.0)
(AIR,19950513,56341.0)
(2,SHIP,19921029,54780.0)
(1,19961208,115927.0)
(2,19940323,58684.0)
(1,MAIL,19941117,116587.0)
(1,AIR,19980410,65471.0)
(AIR,19980411,54180.0)
(RAIL,19980406,111062.0)
(19971026,364116.0)
(FOB,19920627,56702.0)
(REG AIR,19930412,63069.0)
(1,19960605,62588.0)
(2,RAIL,19930313,121031.0)
(1,SHIP,19960106,185181.0)
(SHIP,19950908,65350.0)
(1,AIR,19961114,57063.0)
(RAIL,19940130,116347.0)
(1,FOB,19931110,54480.0)
(19940507,120972.0)
(1,MAIL,19921010,60726.0)
(TRUCK,19961019,182719.0)
(TRUCK,19940823,59645.0)
(2,MAIL,19940926,59104.0)
(1,AIR,19920128,61807.0)
(TRUCK,19931021,54120.0)
(FOB,19950110,65831.0)
(SHIP,19970113,126977.0)
(TRUCK,19940706,126196.0)
(TRUCK,19920519,65350.0)
(1,RAIL,19930628,59344.0)
(FOB,19980108,57543.0)
(1,TRUCK,19941117,58624.0)
(19941010,606479.0)
(19930526,413132.0)
(RAIL,19970326,55981.0)
(SHIP,19940521,188785.0)
(1,MAIL,19961205,62468.0)
(2,FOB,19940331,63969.0)
(2,AIR,19970317,55921.0)
(AIR,19980402,58264.0)
(19951028,235457.0)
(1,19950822,235936.0)
(1,19970307,62648.0)
(1,TRUCK,19940109,58384.0)
(2,19920307,65471.0)
(TRUCK,19920816,178515.0)
(TRUCK,19970811,54600.0)
(1,REG AIR,19940508,131242.0)
(1,REG AIR,19980108,57183.0)
(1,SHIP,19950909,60186.0)
(19940408,590563.0)
(1,MAIL,19951008,57243.0)
(2,RAIL,19961012,58023.0)
(1,19920320,232034.0)
(2,RAIL,19960914,54300.0)
(19930111,419918.0)
(1,19940625,56281.0)
(2,REG AIR,19940424,55621.0)
(TRUCK,19971126,63789.0)
(1,RAIL,19950923,184640.0)
(19970513,247649.0)
(2,MAIL,19940728,60546.0)
(1,TRUCK,19980330,61146.0)
(FOB,19950507,61327.0)
(2,RAIL,19980228,64029.0)
(RAIL,19980730,186082.0)
(2,19920712,112023.0)
(REG AIR,19930223,62888.0)
(19920509,59465.0)
(SHIP,19930108,60126.0)
(1,19940517,57963.0)
(2,REG AIR,19930227,115747.0)
(FOB,19960731,54600.0)
(2,SHIP,19921010,118149.0)
(FOB,19950705,55801.0)
(AIR,19920408,186742.0)
(2,19931224,54180.0)
(2,TRUCK,19970617,65050.0)
(2,RAIL,19950816,57483.0)
(TRUCK,19980531,176292.0)
(19921210,177614.0)
(RAIL,19950724,55261.0)
(2,FOB,19971120,54180.0)
(19920923,192749.0)
(2,19980518,185181.0)
(1,19931210,479142.0)
(19950515,243805.0)
(1,RAIL,19921006,64870.0)
(2,AIR,19940617,59525.0)
(FOB,19920113,60426.0)
(1,REG AIR,19930608,115626.0)
(1,AIR,19950125,57843.0)
(FOB,19931229,120490.0)
(1,RAIL,19930303,177253.0)
(2,TRUCK,19971012,62347.0)
(1,TRUCK,19940307,55861.0)
(2,MAIL,19960311,58624.0)
(2,FOB,19971111,64810.0)
(1,AIR,19951007,54600.0)
(2,19921207,175331.0)
(TRUCK,19950705,62768.0)
(2,19970906,63969.0)
(2,REG AIR,19940820,62227.0)
(1,19930428,118690.0)
(2,TRUCK,19971111,115326.0)
(1,19970811,59224.0)
(1,REG AIR,19930905,56161.0)
(SHIP,19920712,55501.0)
(RAIL,19940518,60126.0)
(1,REG AIR,19960803,126017.0)
(2,19960826,56341.0)
(2,SHIP,19971006,59164.0)
(2,REG AIR,19960620,115506.0)
(MAIL,19920515,54360.0)
(RAIL,19930618,54900.0)
(1,19980108,118510.0)
(1,MAIL,19980411,61387.0)
(19961009,607441.0)
(1,SHIP,19980401,64570.0)
(RAIL,19941229,61327.0)
(RAIL,19980505,65831.0)
(2,RAIL,19980723,55441.0)
(MAIL,19920506,59104.0)
(2,19941106,178754.0)
(RAIL,19930726,123014.0)
(1,SHIP,19951115,172389.0)
(SHIP,19940206,54960.0)
(1,19940319,174250.0)
(REG AIR,19971129,65411.0)
(MAIL,19940603,123494.0)
(2,AIR,19930717,54960.0)
(2,REG AIR,19940604,111723.0)
(REG AIR,19960301,58924.0)
(1,19950318,233115.0)
(1,TRUCK,19930821,125897.0)
(2,FOB,19930729,59885.0)
(FOB,19961019,57723.0)
(AIR,19980114,54300.0)
(RAIL,19961218,64990.0)
(1,RAIL,19980515,121631.0)
(2,SHIP,19940604,55321.0)
(MAIL,19930217,58744.0)
(2,MAIL,19970725,117969.0)
(TRUCK,19980603,58023.0)
(1,19950228,124214.0)
(1,19960803,436133.0)
(FOB,19961226,55020.0)
(REG AIR,19980228,117729.0)
(AIR,19960314,127758.0)
(FOB,19920320,57123.0)
(2,SHIP,19940424,60486.0)
(1,REG AIR,19930329,64810.0)
(2,19960907,348321.0)
(AIR,19960305,56341.0)
(1,FOB,19920310,56882.0)
(2,19970519,64390.0)
(MAIL,19961006,57363.0)
(RAIL,19961001,56702.0)
(2,19940530,122053.0)
(RAIL,19951011,120011.0)
(2,RAIL,19960806,64450.0)
(1,FOB,19920220,120671.0)
(1,SHIP,19950729,121813.0)
(AIR,19950720,119710.0)
(1,MAIL,19960413,55741.0)
(2,FOB,19970806,54540.0)
(1,RAIL,19951120,61687.0)
(2,19971130,243445.0)
(SHIP,19971130,116648.0)
(RAIL,19971109,59585.0)
(1,REG AIR,19930824,61327.0)
(RAIL,19980226,112744.0)
(2,SHIP,19960305,57063.0)
(1,19960731,237860.0)
(2,FOB,19920405,112083.0)
(REG AIR,19950302,59465.0)
(1,REG AIR,19970424,55981.0)
(REG AIR,19930205,120370.0)
(2,19970122,64630.0)
(1,AIR,19980627,65891.0)
(1,AIR,19920515,54900.0)
(REG AIR,19950816,63369.0)
(TRUCK,19920618,65290.0)
(SHIP,19930117,55140.0)
(RAIL,19970227,54960.0)
(1,REG AIR,19930923,64149.0)
(1,19960326,303751.0)
(2,19950223,114786.0)
(TRUCK,19930310,60546.0)
(FOB,19950327,61747.0)
(TRUCK,19950318,57663.0)
(2,AIR,19960101,54420.0)
(AIR,19960512,54600.0)
(TRUCK,19970424,125236.0)
(2,AIR,19960417,59044.0)
(RAIL,19920330,60786.0)
(1,19971108,247169.0)
(19980224,177674.0)
(2,TRUCK,19920405,119650.0)
(1,SHIP,19961213,60126.0)
(1,REG AIR,19980720,59104.0)
(2,SHIP,19931019,65170.0)
(TRUCK,19940922,62167.0)
(AIR,19940118,63669.0)
(1,REG AIR,19961208,55621.0)
(1,REG AIR,19940120,59164.0)
(1,AIR,19920821,58444.0)
(1,RAIL,19931122,63369.0)
(2,19980707,125896.0)
(1,RAIL,19970813,64149.0)
(SHIP,19971031,56462.0)
(1,RAIL,19961219,54120.0)
(19961216,62648.0)
(1,TRUCK,19940721,60126.0)
(MAIL,19940621,63369.0)
(REG AIR,19920918,56882.0)
(RAIL,19940806,123614.0)
(2,AIR,19950427,64810.0)
(TRUCK,19970730,54480.0)
(REG AIR,19941212,248249.0)
(1,TRUCK,19960125,63189.0)
(1,FOB,19930724,59224.0)
(1,REG AIR,19950110,63309.0)
(1,19940120,59164.0)
(2,RAIL,19980408,60126.0)
(1,FOB,19921210,59585.0)
(2,FOB,19950826,58023.0)
(TRUCK,19930617,123854.0)
(2,19950502,309395.0)
(1,REG AIR,19950507,63369.0)
(2,AIR,19950904,62588.0)
(2,FOB,19970527,58083.0)
(19960307,124635.0)
(19971017,415052.0)
(1,19930716,63249.0)
(1,TRUCK,19930920,61146.0)
(1,19961019,238580.0)
(AIR,19950612,247348.0)
(2,TRUCK,19960311,111782.0)
(1,RAIL,19970417,60846.0)
(1,MAIL,19940523,60186.0)
(19960820,1821305.0)
(19960802,180136.0)
(2,AIR,19930221,61026.0)
(19980323,56882.0)
(1,19941219,302549.0)
(2,MAIL,19940430,57183.0)
(AIR,19970412,64390.0)
(19940831,60546.0)
(2,RAIL,19930809,54300.0)
(19980729,174490.0)
(AIR,19931226,58023.0)
(1,TRUCK,19971204,55741.0)
(2,REG AIR,19930920,59224.0)
(19971125,364656.0)
(1,19950705,59945.0)
(1,19950525,184701.0)
(1,RAIL,19920124,60126.0)
(SHIP,19971121,56762.0)
(2,TRUCK,19931124,60006.0)
(2,AIR,19940103,63489.0)
(1,SHIP,19941215,62167.0)
(MAIL,19931225,125236.0)
(TRUCK,19970217,59705.0)
(TRUCK,19920104,112984.0)
(2,MAIL,19920801,112564.0)
(2,TRUCK,19940827,56161.0)
(1,TRUCK,19961106,58744.0)
(TRUCK,19920113,61747.0)
(1,REG AIR,19940409,55020.0)
(2,19960817,62648.0)
(2,AIR,19980316,55441.0)
(2,REG AIR,19960206,64810.0)
(2,FOB,19980724,125476.0)
(2,FOB,19940313,64450.0)
(REG AIR,19920422,127158.0)
(TRUCK,19970307,125056.0)
(1,19920726,128298.0)
(2,19950322,61327.0)
(FOB,19980720,59284.0)
(1,MAIL,19980402,60906.0)
(2,REG AIR,19921119,57603.0)
(TRUCK,19940814,118989.0)
(1,RAIL,19920106,60606.0)
(TRUCK,19950930,65050.0)
(REG AIR,19920305,64810.0)
(RAIL,19940419,115086.0)
(RAIL,19980802,61327.0)
(1,TRUCK,19951008,60726.0)
(TRUCK,19920320,61207.0)
(2,TRUCK,19920315,56041.0)
(AIR,19950810,120492.0)
(1,RAIL,19960319,56762.0)
(1,FOB,19931011,61987.0)
(REG AIR,19970607,114606.0)
(REG AIR,19961102,64390.0)
(TRUCK,19970208,55981.0)
(SHIP,19950520,171667.0)
(FOB,19940409,56702.0)
(2,TRUCK,19920513,59765.0)
(2,19930810,60906.0)
(RAIL,19950427,64750.0)
(TRUCK,19950813,55201.0)
(REG AIR,19960914,120011.0)
(2,RAIL,19941122,58804.0)
(AIR,19940721,55861.0)
(RAIL,19980316,123915.0)
(1,19920609,187824.0)
(2,FOB,19950105,64570.0)
(2,REG AIR,19921010,60606.0)
(2,MAIL,19920603,126077.0)
(RAIL,19961029,57123.0)
(2,MAIL,19940331,55321.0)
(2,19940819,243384.0)
(19940615,187223.0)
(2,SHIP,19920714,59044.0)
(1,19971225,127098.0)
(2,19930117,64270.0)
(2,TRUCK,19950529,64690.0)
(SHIP,19941124,59525.0)
(RAIL,19960813,174671.0)
(1,SHIP,19961114,61026.0)
(2,19950430,195030.0)
(19970928,364776.0)
(MAIL,19930109,60246.0)
(2,REG AIR,19971015,65591.0)
(2,TRUCK,19951113,60486.0)
(1,TRUCK,19920714,63189.0)
(19920608,429345.0)
(2,SHIP,19961007,61447.0)
(19980107,650148.0)
(SHIP,19970528,58924.0)
(1,19940823,59645.0)
(1,SHIP,19950314,63669.0)
(SHIP,19951006,123494.0)
(REG AIR,19920819,117909.0)
(19940822,309035.0)
(2,SHIP,19930317,65471.0)
(MAIL,19960106,185602.0)
(1,MAIL,19970106,62347.0)
(1,REG AIR,19931210,61807.0)
(2,FOB,19940926,63789.0)
(1,19970127,177614.0)
(2,MAIL,19920306,60066.0)
(19931129,554702.0)
(1,RAIL,19920601,61447.0)
(2,19971031,110461.0)
(AIR,19980619,120251.0)
(SHIP,19940530,59945.0)
(FOB,19960218,59044.0)
(1,19940418,62948.0)
(2,TRUCK,19941105,55201.0)
(2,SHIP,19960927,63609.0)
(2,19951006,181277.0)
(19940705,431147.0)
(2,19970104,407125.0)
(1,19980531,350602.0)
(2,19930621,63129.0)
(REG AIR,19921214,57783.0)
(SHIP,19961113,65290.0)
(1,RAIL,19930529,64750.0)
(TRUCK,19950525,184400.0)
(1,19961028,235096.0)
(1,REG AIR,19960506,54240.0)
(2,19970203,63189.0)
(19960217,352885.0)
(2,TRUCK,19950123,57123.0)
(2,SHIP,19940730,61747.0)
(TRUCK,19941129,63789.0)
(2,19930829,235758.0)
(RAIL,19950913,180497.0)
(2,SHIP,19941126,64390.0)
(19961027,416135.0)
(2,REG AIR,19950216,65110.0)
(SHIP,19980112,60246.0)
(SHIP,19970401,120792.0)
(FOB,19921121,123794.0)
(REG AIR,19920710,55621.0)
(SHIP,19951222,65531.0)
(1,AIR,19960322,63969.0)
(2,RAIL,19951013,64990.0)
(2,RAIL,19960707,121152.0)
(19920824,180196.0)
(2,TRUCK,19930404,61086.0)
(2,AIR,19920411,59284.0)
(19960703,56642.0)
(2,AIR,19940329,118809.0)
(2,19961113,122173.0)
(1,19940409,293480.0)
(REG AIR,19960112,57123.0)
(1,19920807,57003.0)
(2,TRUCK,19970527,122713.0)
(MAIL,19980131,56462.0)
(SHIP,19951204,57183.0)
(TRUCK,19940409,120551.0)
(2,19931215,58023.0)
(1,TRUCK,19940604,64450.0)
(1,SHIP,19970501,64210.0)
(2,MAIL,19950916,55201.0)
(2,TRUCK,19951023,118389.0)
(1,SHIP,19920128,56402.0)
(1,FOB,19931129,121872.0)
(2,MAIL,19930521,54360.0)
(AIR,19960422,54360.0)
(1,TRUCK,19960404,64810.0)
(1,RAIL,19921231,60906.0)
(1,AIR,19930514,62528.0)
(TRUCK,19980513,60606.0)
(REG AIR,19930926,120191.0)
(REG AIR,19950726,182717.0)
(2,19941124,236297.0)
(2,19960727,119831.0)
(1,19960317,305793.0)
(REG AIR,19960617,116648.0)
(19930102,420519.0)
(SHIP,19960817,62648.0)
(19960622,745290.0)
(1,19950813,192508.0)
(SHIP,19970104,55261.0)
(1,19950912,114605.0)
(1,REG AIR,19950318,54960.0)
(19931228,248310.0)
(TRUCK,19961226,58264.0)
(2,MAIL,19920621,173529.0)
(1,19950110,185181.0)
(AIR,19960323,121452.0)
(2,RAIL,19930818,60006.0)
(2,TRUCK,19970905,60186.0)
(FOB,19960920,57603.0)
(2,REG AIR,19970214,54060.0)
(2,FOB,19950411,62347.0)
(1,REG AIR,19920708,65170.0)
(2,FOB,19950808,59284.0)
(2,SHIP,19930506,56882.0)
(RAIL,19920420,61687.0)
(1,TRUCK,19951125,64990.0)
(RAIL,19930708,119830.0)
(1,FOB,19940822,57843.0)
(1,REG AIR,19941219,55441.0)
(AIR,19970214,62888.0)
(2,TRUCK,19970121,180316.0)
(AIR,19971231,59224.0)
(REG AIR,19940321,112504.0)
(2,AIR,19961128,62888.0)
(2,19951123,62708.0)
(REG AIR,19980129,121512.0)
(1,19920519,191426.0)
(MAIL,19931027,118089.0)
(TRUCK,19960920,114064.0)
(1,19980216,231494.0)
(19930814,178215.0)
(19970315,179176.0)
(RAIL,19921221,61327.0)
(2,19940909,227588.0)
(2,FOB,19941123,62468.0)
(1,FOB,19971107,57663.0)
(2,FOB,19931205,55621.0)
(19950803,115686.0)
(1,19970109,182899.0)
(19970126,365497.0)
(19931110,166562.0)
(1,RAIL,19970101,60186.0)
(2,FOB,19970112,56041.0)
(SHIP,19960501,64029.0)
(2,SHIP,19940505,58924.0)
(1,SHIP,19940630,111543.0)
(1,19960812,179955.0)
(19970504,57243.0)
(RAIL,19960804,63369.0)
(1,SHIP,19941206,58984.0)
(RAIL,19940527,58984.0)
(REG AIR,19941221,63609.0)
(1,MAIL,19940929,65230.0)
(1,FOB,19930823,57783.0)
(2,TRUCK,19940926,57243.0)
(1,19960821,308196.0)
(FOB,19950813,126677.0)
(2,SHIP,19960314,60846.0)
(MAIL,19930325,110041.0)
(FOB,19930428,63549.0)
(MAIL,19951025,178814.0)
(AIR,19950414,113644.0)
(AIR,19941117,58744.0)
(FOB,19970712,63129.0)
(AIR,19951017,58023.0)
(SHIP,19920802,63729.0)
(1,19971126,63789.0)
(1,19970712,360692.0)
(1,SHIP,19950305,62287.0)
(1,AIR,19961204,59765.0)
(REG AIR,19970517,232093.0)
(19951127,249570.0)
(1,19920708,124274.0)
(AIR,19961214,64750.0)
(19950911,183139.0)
(TRUCK,19950822,56101.0)
(19921003,423703.0)
(2,TRUCK,19920207,54780.0)
(2,TRUCK,19920603,56402.0)
(1,REG AIR,19930130,56221.0)
(2,SHIP,19971204,58324.0)
(2,19931125,244526.0)
(2,SHIP,19970106,65350.0)
(RAIL,19941120,62167.0)
(AIR,19950531,64510.0)
(1,TRUCK,19931226,58744.0)
(1,19930905,176832.0)
(RAIL,19920213,58204.0)
(19941001,548096.0)
(2,19950412,57003.0)
(RAIL,19980523,62528.0)
(19970324,433491.0)
(19930120,250051.0)
(2,19951015,366039.0)
(MAIL,19940108,62828.0)
(2,RAIL,19980318,60606.0)
(2,AIR,19920501,172628.0)
(2,REG AIR,19920426,62888.0)
(1,AIR,19920713,61086.0)
(RAIL,19921203,65411.0)
(2,MAIL,19941024,60786.0)
(1,TRUCK,19971105,56762.0)
(1,FOB,19951127,123374.0)
(AIR,19961106,59044.0)
(RAIL,19961010,55921.0)
(2,FOB,19971021,59104.0)
(1,TRUCK,19960206,57603.0)
(AIR,19920714,56101.0)
(19920707,564733.0)
(TRUCK,19930428,115567.0)
(2,19970528,122654.0)
(FOB,19951227,118869.0)
(2,19950304,60786.0)
(AIR,19950711,55261.0)
(2,TRUCK,19930521,59705.0)
(2,19960330,58204.0)
(19921120,427545.0)
(REG AIR,19920620,58384.0)
(1,19951227,118869.0)
(19930427,118689.0)
(2,SHIP,19920327,57663.0)
(2,SHIP,19940118,54480.0)
(1,AIR,19940711,56462.0)
(2,19940602,114305.0)
(2,MAIL,19970220,57063.0)
(AIR,19950504,54420.0)
(TRUCK,19930905,122713.0)
(1,FOB,19930102,57603.0)
(1,FOB,19970306,56762.0)
(2,REG AIR,19940505,118990.0)
(1,TRUCK,19921010,57303.0)
(1,TRUCK,19970412,62888.0)
(AIR,19980123,125296.0)
(REG AIR,19961120,295162.0)
(REG AIR,19970715,56462.0)
(1,REG AIR,19961028,56041.0)
(1,TRUCK,19960918,59585.0)
(2,19971112,345077.0)
(1,AIR,19940612,58083.0)
(19950317,322490.0)
(19970603,345378.0)
(2,19970807,422982.0)
(19940921,542749.0)
(1,FOB,19930715,117489.0)
(AIR,19961016,61327.0)
(AIR,19930821,120071.0)
(SHIP,19941223,65591.0)
(2,MAIL,19930620,179476.0)
(1,SHIP,19940216,124275.0)
(AIR,19930506,59585.0)
(FOB,19941219,119470.0)
(2,SHIP,19961205,65771.0)
(SHIP,19941106,59224.0)
(SHIP,19931125,115206.0)
(19921201,369819.0)
(FOB,19960407,118629.0)
(2,FOB,19940430,55681.0)
(MAIL,19960430,61387.0)
(1,FOB,19940327,65350.0)
(1,AIR,19930820,61026.0)
(19930904,825902.0)
(SHIP,19921009,60666.0)
(1,19960713,173230.0)
(2,19920802,58564.0)
(FOB,19970910,58083.0)
(19940101,640299.0)
(19920220,435592.0)
(2,SHIP,19951017,61086.0)
(2,SHIP,19920615,59344.0)
(2,REG AIR,19980303,61327.0)
(1,AIR,19950224,63249.0)
(1,MAIL,19920426,59705.0)
(SHIP,19950502,54900.0)
(1,SHIP,19951214,54240.0)
(19940327,417874.0)
(MAIL,19960629,181276.0)
(FOB,19960830,59645.0)
(1,SHIP,19930325,59344.0)
(MAIL,19940612,64390.0)
(FOB,19940418,126737.0)
(TRUCK,19941219,124335.0)
(TRUCK,19960803,119530.0)
(1,REG AIR,19950822,180856.0)
(1,19920627,54780.0)
(AIR,19920822,55861.0)
(2,RAIL,19930728,55080.0)
(AIR,19940505,351324.0)
(1,FOB,19960820,62468.0)
(19920815,664204.0)
(REG AIR,19920927,58324.0)
(SHIP,19961212,59705.0)
(MAIL,19940414,122173.0)
(SHIP,19970807,242003.0)
(MAIL,19950224,61567.0)
(2,19980112,114726.0)
(19930724,372223.0)
(2,19970221,115206.0)
(1,MAIL,19921119,118749.0)
(RAIL,19930221,119410.0)
(1,FOB,19971017,116467.0)
(1,SHIP,19970817,55741.0)
(FOB,19940508,56582.0)
(1,MAIL,19940424,62167.0)
(REG AIR,19961111,61747.0)
(1,MAIL,19971006,59525.0)
(REG AIR,19931114,113224.0)
(1,AIR,19970817,59705.0)
(1,SHIP,19920506,189986.0)
(2,AIR,19970614,55020.0)
(FOB,19980414,122653.0)
(AIR,19960125,61146.0)
(TRUCK,19980117,125296.0)
(2,TRUCK,19950826,118930.0)
(AIR,19970313,55140.0)
(19950821,501245.0)
(1,19930329,64810.0)
(1,REG AIR,19960731,62768.0)
(2,SHIP,19940217,62227.0)
(19921030,375647.0)
(1,TRUCK,19920408,63189.0)
(1,MAIL,19980330,65350.0)
(AIR,19930920,62948.0)
(2,19980130,422260.0)
(2,19930108,176893.0)
(2,19960628,249211.0)
(19921012,173170.0)
(FOB,19970604,65951.0)
(1,MAIL,19940505,188725.0)
(2,19921009,64570.0)
(19960127,120190.0)
(1,RAIL,19960210,65951.0)
(1,TRUCK,19950919,61327.0)
(2,19960925,120251.0)
(FOB,19920609,56041.0)
(1,TRUCK,19940316,60366.0)
(2,19970609,229931.0)
(2,19920730,233535.0)
(2,RAIL,19920927,57603.0)
(MAIL,19970321,117427.0)
(1,TRUCK,19930227,58564.0)
(TRUCK,19940427,61867.0)
(2,19940521,431747.0)
(1,19960506,231973.0)
(AIR,19940424,61807.0)
(2,19970302,118629.0)
(2,MAIL,19921008,64270.0)
(1,RAIL,19940717,57663.0)
(FOB,19971225,63309.0)
(SHIP,19980419,54420.0)
(2,AIR,19950922,64690.0)
(2,AIR,19980703,58444.0)
(FOB,19980531,61567.0)
(19950407,356847.0)
(MAIL,19920317,58204.0)
(2,FOB,19971030,56702.0)
(2,MAIL,19951113,65350.0)
(TRUCK,19920726,54180.0)
(REG AIR,19960527,59525.0)
(1,MAIL,19920327,122053.0)
(SHIP,19951015,63009.0)
(1,19940715,245006.0)
(2,TRUCK,19940403,54420.0)
(1,TRUCK,19930317,62708.0)
(SHIP,19970519,61747.0)
(1,TRUCK,19940505,63669.0)
(AIR,19960404,58984.0)
(2,AIR,19920916,57843.0)
(1,19930130,244706.0)
(2,REG AIR,19960512,62347.0)
(2,19930603,120011.0)
(1,MAIL,19951107,55561.0)
(2,RAIL,19960824,56822.0)
(AIR,19921227,60666.0)
(2,RAIL,19930331,58384.0)
(1,AIR,19960106,129320.0)
(2,SHIP,19970313,119350.0)
(1,RAIL,19970705,54540.0)
(2,SHIP,19940929,54540.0)
(1,FOB,19930904,63489.0)
(1,MAIL,19961025,57543.0)
(AIR,19931208,56221.0)
(19940417,123734.0)
(2,REG AIR,19970728,55140.0)
(2,19980419,180256.0)
(1,19960920,171247.0)
(MAIL,19971230,63609.0)
(SHIP,19941025,115506.0)
(1,MAIL,19960314,115866.0)
(1,REG AIR,19961226,59585.0)
(1,RAIL,19941211,58624.0)
(1,FOB,19980206,63489.0)
(1,MAIL,19930506,59765.0)
(1,RAIL,19940618,110761.0)
(1,19961226,292279.0)
(2,MAIL,19940313,55020.0)
(1,19930617,374206.0)
(1,MAIL,19950513,59284.0)
(2,AIR,19970830,56221.0)
(2,FOB,19930404,118329.0)
(19940813,125897.0)
(1,REG AIR,19960920,55381.0)
(19970414,243446.0)
(2,FOB,19980706,58384.0)
(1,FOB,19930111,62107.0)
(19971224,65050.0)
(REG AIR,19940411,54900.0)
(SHIP,19961023,55921.0)
(19961126,425983.0)
(2,MAIL,19961004,65230.0)
(2,FOB,19970419,55261.0)
(1,FOB,19930526,61447.0)
(FOB,19920726,62468.0)
(REG AIR,19980525,176772.0)
(2,MAIL,19951014,65411.0)
(RAIL,19940617,54180.0)
(19970423,961345.0)
(AIR,19931109,115265.0)
(19920130,245847.0)
(19930715,417516.0)
(1,19930824,184281.0)
(SHIP,19980617,58504.0)
(1,AIR,19950909,65411.0)
(SHIP,19940620,58504.0)
(2,REG AIR,19930830,117548.0)
(1,19950507,187764.0)
(2,19930126,308195.0)
(1,19921121,64089.0)
(2,REG AIR,19971123,63909.0)
(AIR,19920426,234015.0)
(2,REG AIR,19920921,60186.0)
(AIR,19941126,56281.0)
(SHIP,19940909,118990.0)
(19931011,182538.0)
(19960316,59405.0)
(19970207,54120.0)
(TRUCK,19940418,122653.0)
(MAIL,19940630,125296.0)
(2,AIR,19960813,119350.0)
(AIR,19940514,57003.0)
(2,MAIL,19931205,57963.0)
(19980206,804333.0)
(FOB,19950624,128359.0)
(2,MAIL,19920919,121932.0)
(MAIL,19950503,54540.0)
(SHIP,19960826,119229.0)
(RAIL,19960615,119410.0)
(MAIL,19950620,56161.0)
(2,19940620,118329.0)
(2,SHIP,19930920,57363.0)
(TRUCK,19970514,55020.0)
(19921111,241884.0)
(TRUCK,19980108,55921.0)
(19980314,410187.0)
(RAIL,19950102,64029.0)
(SHIP,19960907,178694.0)
(1,19980117,184821.0)
(SHIP,19980130,121032.0)
(MAIL,19940810,118810.0)
(2,MAIL,19960816,54900.0)
(1,TRUCK,19960314,56341.0)
(2,AIR,19980712,58804.0)
(TRUCK,19930608,63189.0)
(2,19960501,119650.0)
(1,19931021,62588.0)
(1,19940706,58804.0)
(2,19970429,114065.0)
(1,REG AIR,19980207,59765.0)
(1,TRUCK,19940901,57063.0)
(2,REG AIR,19940109,57663.0)
(MAIL,19960214,62347.0)
(1,MAIL,19960512,65050.0)
(REG AIR,19921205,58504.0)
(2,AIR,19930609,55020.0)
(REG AIR,19920521,55201.0)
(FOB,19930617,59525.0)
(TRUCK,19931210,122413.0)
(2,AIR,19980802,63909.0)
(1,RAIL,19931221,55621.0)
(MAIL,19941215,58264.0)
(FOB,19970316,57783.0)
(2,19930504,359072.0)
(1,REG AIR,19920906,55441.0)
(1,TRUCK,19961223,55861.0)
(2,RAIL,19921007,62648.0)
(FOB,19940706,55441.0)
(1,19950624,313719.0)
(RAIL,19940202,190286.0)
(FOB,19940913,64450.0)
(REG AIR,19920215,180137.0)
(MAIL,19951223,64930.0)
(19920419,486890.0)
(1,19960218,59044.0)
(1,REG AIR,19960830,62287.0)
(1,FOB,19950821,64750.0)
(1,RAIL,19950716,57243.0)
(TRUCK,19970712,184460.0)
(REG AIR,19950320,60486.0)
(1,FOB,19940930,56882.0)
(REG AIR,19970706,60366.0)
(1,REG AIR,19960821,65831.0)
(REG AIR,19961003,125596.0)
(1,FOB,19930805,59164.0)
(TRUCK,5.4381411E7)
(RAIL,19940914,61447.0)
(1,FOB,19980521,63189.0)
(1,19970730,65230.0)
(REG AIR,19950717,114966.0)
(REG AIR,19940213,61026.0)
(1,19970217,182298.0)
(2,TRUCK,19931205,54660.0)
(FOB,19920519,56281.0)
(AIR,19940109,123735.0)
(1,FOB,19921021,124875.0)
(1,19930608,178815.0)
(2,19971202,62408.0)
(2,FOB,19951023,62828.0)
(RAIL,19940329,126317.0)
(1,19970424,55981.0)
(19920905,355407.0)
(2,REG AIR,19930317,55321.0)
(SHIP,19940819,123914.0)
(SHIP,19931215,58023.0)
(19971116,292759.0)
(19960712,173710.0)
(1,SHIP,19940108,54180.0)
(AIR,19980330,124936.0)
(19970108,303451.0)
(FOB,19950822,64630.0)
(1,REG AIR,19940418,62948.0)
(AIR,19971006,62528.0)
(2,FOB,19971012,54600.0)
(2,MAIL,19950222,248610.0)
(RAIL,19980208,180377.0)
(1,FOB,19970621,60906.0)
(2,19960411,59525.0)
(2,REG AIR,19970223,55981.0)
(1,MAIL,19950216,54060.0)
(2,REG AIR,19941117,54840.0)
(2,RAIL,19931114,54360.0)
(2,19921216,121332.0)
(1,19950426,115867.0)
(19960226,176833.0)
(SHIP,19930504,63729.0)
(FOB,19960317,120011.0)
(19970216,417455.0)
(2,SHIP,19980619,61026.0)
(19940930,420037.0)
(SHIP,19930603,65891.0)
(2,19980617,123494.0)
(FOB,19920528,300207.0)
(1,19930310,183921.0)
(FOB,19971108,63729.0)
(2,MAIL,19970509,56341.0)
(MAIL,19940513,123254.0)
(MAIL,19980113,128719.0)
(2,19970410,119050.0)
(2,19941025,117187.0)
(MAIL,19960917,112564.0)
(19980305,542089.0)
(1,MAIL,19960125,58444.0)
(1,TRUCK,19950207,61807.0)
(SHIP,19921207,64510.0)
(2,MAIL,19920117,61207.0)
(2,FOB,19920315,57663.0)
(1,MAIL,19950720,120491.0)
(TRUCK,19920708,59104.0)
(1,19920429,61447.0)
(MAIL,19950909,113765.0)
(1,REG AIR,19950624,62347.0)
(19970720,63849.0)
(2,REG AIR,19980619,59344.0)
(1,19950417,65170.0)
(2,19931206,55861.0)
(1,FOB,19960622,191548.0)
(2,SHIP,19980123,65411.0)
(2,19971121,175512.0)
(REG AIR,19940718,55741.0)
(REG AIR,19941122,60066.0)
(1,19970316,118689.0)
(TRUCK,19960830,63129.0)
(TRUCK,19971108,65531.0)
(1,19980513,182239.0)
(1,19960407,58023.0)
(2,TRUCK,19920117,116948.0)
(2,RAIL,19930115,56882.0)
(RAIL,19960912,54900.0)
(1,19920618,175451.0)
(1,AIR,19951115,57063.0)
(1,AIR,19950530,57963.0)
(REG AIR,19980408,120732.0)
(19920914,653033.0)
(1,FOB,19921111,57123.0)
(FOB,19970109,63009.0)
(SHIP,19960312,66012.0)
(SHIP,19961203,62948.0)
(1,MAIL,19951017,62408.0)
(2,19970113,185000.0)
(2,REG AIR,19960314,59344.0)
(1,TRUCK,19950513,120852.0)
(2,19941223,232334.0)
(1,SHIP,19960430,124334.0)
(AIR,19940730,54300.0)
(2,19920703,125896.0)
(1,RAIL,19921204,58564.0)
(1,SHIP,19970529,55140.0)
(1,MAIL,19940118,63249.0)
(1,AIR,19940117,59405.0)
(2,MAIL,19970103,114064.0)
(1,19941129,59164.0)
(2,TRUCK,19950105,58324.0)
(2,RAIL,19920729,62107.0)
(2,TRUCK,19980427,58204.0)
(2,AIR,19930726,65471.0)
(19920310,592126.0)
(1,AIR,19970411,125175.0)
(2,FOB,19930611,60966.0)
(2,SHIP,19950207,56462.0)
(2,SHIP,19950522,130221.0)
(2,RAIL,19950320,57303.0)
(2,FOB,19970707,121273.0)
(1,TRUCK,19921119,59645.0)
(1,19960209,120490.0)
(2,SHIP,19950720,121392.0)
(1,19920113,314500.0)
(1,FOB,19921201,59284.0)
(2,AIR,19920510,65230.0)
(1,AIR,2.8036109E7)
(1,19970514,179897.0)
(2,REG AIR,19970313,64210.0)
(REG AIR,19930313,114605.0)
(2,REG AIR,19940316,54960.0)
(REG AIR,19961210,122413.0)
(2,19961212,312639.0)
(2,TRUCK,19960906,63909.0)
(TRUCK,19950426,58324.0)
(2,19920505,57183.0)
(AIR,19950216,125236.0)
(TRUCK,19960209,63549.0)
(19960505,367540.0)
(2,MAIL,19951023,119410.0)
(1,AIR,19971230,123554.0)
(1,MAIL,19970115,54360.0)
(1,FOB,19920824,60546.0)
(FOB,19960326,59044.0)
(1,MAIL,19960404,65350.0)
(AIR,19961007,62948.0)
(1,REG AIR,19950813,65831.0)
(19980521,428927.0)
(2,MAIL,19930305,64870.0)
(REG AIR,19960815,177914.0)
(REG AIR,19941113,124215.0)
(REG AIR,19940925,55261.0)
(2,REG AIR,19971231,56041.0)
(1,19920528,249270.0)
(19921021,800248.0)
(2,RAIL,19960815,62828.0)
(2,19950908,112863.0)
(2,RAIL,19930629,60846.0)
(REG AIR,19951130,115206.0)
(1,TRUCK,19931109,55201.0)
(1,19980603,239781.0)
(19940525,307954.0)
(RAIL,19920916,64750.0)
(RAIL,19960318,60726.0)
(2,TRUCK,19960717,124455.0)
(1,MAIL,19961214,64330.0)
(1,FOB,19940615,61687.0)
(TRUCK,19940715,55681.0)
(MAIL,19960331,120251.0)
(1,RAIL,19930925,115266.0)
(2,REG AIR,19950612,64390.0)
(19961117,303451.0)
(RAIL,19970830,118990.0)
(TRUCK,19960524,55080.0)
(REG AIR,19930304,55261.0)
(FOB,19960803,118088.0)
(2,SHIP,19980330,63489.0)
(MAIL,19920821,58444.0)
(1,FOB,19960217,60606.0)
(2,RAIL,19941203,178094.0)
(TRUCK,19950110,54420.0)
(1,REG AIR,19960326,56942.0)
(1,AIR,19960205,61207.0)
(2,RAIL,19970111,55020.0)
(2,19960303,183260.0)
(1,AIR,19940603,63309.0)
(FOB,19930310,57063.0)
(2,REG AIR,19960413,57423.0)
(REG AIR,19920413,55921.0)
(1,RAIL,19931203,64210.0)
