(19940518,296544.0)
(1,19960904,59465.0)
(1,19940519,121632.0)
(1,19960814,177854.0)
(MAIL,19980124,56281.0)
(RAIL,19920422,114186.0)
(2,19961007,248850.0)
(1,19950716,249151.0)
(2,RAIL,19941124,117187.0)
(2,AIR,19960815,54360.0)
(1,FOB,19961010,124876.0)
(AIR,19931129,127578.0)
(SHIP,19921010,118149.0)
(1,TRUCK,19980224,60786.0)
(19920420,295282.0)
(1,RAIL,19980418,60966.0)
(2,AIR,19960923,61687.0)
(1,REG AIR,19970426,113524.0)
(2,RAIL,19930117,64270.0)
(1,19920124,295583.0)
(19950715,239481.0)
(RAIL,19930818,60006.0)
(2,19960305,249571.0)
(2,19930128,63009.0)
(SHIP,19940721,54960.0)
(1,AIR,19980313,54660.0)
(SHIP,19931019,65170.0)
(1,19970110,361293.0)
(SHIP,19931226,122113.0)
(AIR,19960307,59945.0)
(AIR,19980224,62648.0)
(MAIL,19960621,62408.0)
(2,REG AIR,19960316,59405.0)
(FOB,19930817,58684.0)
(TRUCK,19950310,109860.0)
(2,FOB,19930217,64630.0)
(MAIL,19970620,61507.0)
(FOB,19930808,64330.0)
(19960705,129620.0)
(RAIL,19921214,114965.0)
(1,SHIP,19940209,60186.0)
(2,AIR,19921025,59465.0)
(AIR,19960910,65290.0)
(2,19950711,55140.0)
(SHIP,19960422,119950.0)
(2,TRUCK,19960827,63069.0)
(1,MAIL,19940804,57003.0)
(MAIL,19980313,57303.0)
(SHIP,19971006,59164.0)
(2,MAIL,19951025,56942.0)
(2,SHIP,19920310,64330.0)
(2,19920219,116468.0)
(1,19970912,179236.0)
(2,SHIP,19931228,63249.0)
(1,19930916,183860.0)
(2,RAIL,19931224,54180.0)
(1,RAIL,19930620,58324.0)
(FOB,19970705,126497.0)
(FOB,19971010,119170.0)
(2,REG AIR,19920419,63609.0)
(1,FOB,19921014,60066.0)
(1,19921114,57723.0)
(2,SHIP,19930102,62588.0)
(AIR,19940705,57963.0)
(2,TRUCK,19941206,61026.0)
(MAIL,19920805,61807.0)
(REG AIR,19931224,56702.0)
(TRUCK,19940519,56942.0)
(TRUCK,19950716,256899.0)
(19931121,55441.0)
(2,SHIP,19950515,57783.0)
(1,19920430,179355.0)
(1,SHIP,19940920,175873.0)
(19980424,790458.0)
(TRUCK,19960904,56882.0)
(MAIL,19950910,179836.0)
(2,19960620,542930.0)
(2,SHIP,19940615,65110.0)
(REG AIR,19970113,124515.0)
(REG AIR,19970924,119891.0)
(1,RAIL,19950105,59104.0)
(2,19920921,242244.0)
(2,RAIL,19930126,59945.0)
(1,SHIP,19980124,55140.0)
(1,19940609,231433.0)
(1,SHIP,19950703,120311.0)
(MAIL,19980430,57423.0)
(TRUCK,19930420,58264.0)
(2,SHIP,19951127,64029.0)
(REG AIR,19970203,54600.0)
(FOB,19960319,58143.0)
(2,19940730,171248.0)
(SHIP,19930317,65471.0)
(19940310,55020.0)
(2,FOB,19921028,57663.0)
(AIR,19921021,61086.0)
(FOB,19950112,54900.0)
(REG AIR,19920703,120731.0)
(1,TRUCK,19960820,120192.0)
(2,SHIP,19930904,55561.0)
(2,REG AIR,19931011,62828.0)
(1,19951021,125476.0)
(MAIL,19941109,60786.0)
(REG AIR,19930117,57303.0)
(2,REG AIR,19930823,57843.0)
(2,TRUCK,19920416,112324.0)
(1,19930808,185843.0)
(1,19931230,118750.0)
(1,SHIP,19941217,54720.0)
(19920411,434090.0)
(AIR,19961117,61747.0)
(19971109,426824.0)
(19980721,537283.0)
(REG AIR,19971121,118330.0)
(19940716,64570.0)
(1,FOB,19960813,127758.0)
(SHIP,19931109,63669.0)
(TRUCK,19940627,60006.0)
(1,MAIL,19921021,62588.0)
(AIR,19960622,59284.0)
(19980523,435894.0)
(REG AIR,19980518,59645.0)
(19960615,119410.0)
(1,SHIP,19950208,64630.0)
(1,19970516,123795.0)
(SHIP,19941126,122894.0)
(19920916,286214.0)
(1,19930303,474578.0)
(1,FOB,19980406,59164.0)
(2,MAIL,19950323,65951.0)
(TRUCK,19930817,63609.0)
(19971226,431569.0)
(19940608,175752.0)
(19920510,602814.0)
(19921005,187284.0)
(1,FOB,19980208,61086.0)
(2,TRUCK,19930217,56762.0)
(1,SHIP,19941019,121932.0)
(2,19980114,120071.0)
(1,19960229,434631.0)
(2,MAIL,19930109,60246.0)
(2,FOB,19921109,63969.0)
(1,RAIL,19930927,60066.0)
(1,19930321,65891.0)
(2,AIR,19950519,54960.0)
(2,REG AIR,19980107,55441.0)
(SHIP,19930731,64029.0)
(1,SHIP,19930417,54360.0)
(AIR,19920130,61207.0)
(1,RAIL,19980706,61026.0)
(SHIP,19920615,59344.0)
(2,TRUCK,19950909,187043.0)
(2,REG AIR,19971017,59765.0)
(2,19940316,54960.0)
(2,SHIP,19931011,57723.0)
(AIR,19950227,59284.0)
(2,AIR,19980318,58864.0)
(TRUCK,19951030,55321.0)
(1,AIR,19940227,64149.0)
(1,REG AIR,19970705,56702.0)
(1,19931122,117609.0)
(1,19950419,57423.0)
(1,TRUCK,19950704,64270.0)
(2,RAIL,19970104,112023.0)
(2,MAIL,19951223,64930.0)
(2,MAIL,19920515,54360.0)
(2,19940217,62227.0)
(MAIL,19931218,125476.0)
(REG AIR,19970609,58744.0)
(2,19970214,230412.0)
(SHIP,19960927,63609.0)
(AIR,19920905,115026.0)
(19921221,61327.0)
(1,19951030,234796.0)
(1,19960517,297144.0)
(2,REG AIR,19961027,56882.0)
(1,TRUCK,19961009,61867.0)
(2,FOB,19920218,64450.0)
(SHIP,19970106,65350.0)
(2,19970412,127278.0)
(2,19920822,117488.0)
(2,19971105,61086.0)
(FOB,19920917,116588.0)
(2,REG AIR,19960226,59585.0)
(MAIL,19930525,58924.0)
(1,19970408,124275.0)
(2,TRUCK,19950927,56762.0)
(19941120,655973.0)
(19950913,731354.0)
(19970821,236718.0)
(FOB,19920106,178214.0)
(1,19980515,427664.0)
(SHIP,19920822,56882.0)
(19960417,249510.0)
(19920628,54420.0)
(TRUCK,19950923,64870.0)
(19920303,310597.0)
(1,SHIP,19971115,60426.0)
(MAIL,19941019,65350.0)
(AIR,19970603,55080.0)
(AIR,19971026,178815.0)
(1,MAIL,19920824,59885.0)
(1,19920818,63009.0)
(19940419,477100.0)
(SHIP,19930920,121873.0)
(2,MAIL,19930217,58744.0)
(TRUCK,19960229,62528.0)
(2,MAIL,19941206,57003.0)
(2,TRUCK,19980528,55501.0)
(AIR,19960820,305793.0)
(REG AIR,19921207,116287.0)
(19970614,171067.0)
(SHIP,19920417,59765.0)
(1,MAIL,19950911,59705.0)
(2,RAIL,19941223,54660.0)
(2,19960323,123975.0)
(RAIL,19961003,125236.0)
(19960110,420218.0)
(REG AIR,19971202,62408.0)
(REG AIR,19980130,57963.0)
(1,MAIL,19921111,62888.0)
(FOB,19921015,55681.0)
(19960101,286754.0)
(2,REG AIR,19940813,63009.0)
(2,MAIL,19950314,59044.0)
(1,SHIP,19980313,62408.0)
(1,FOB,19930618,112683.0)
(19930221,1205331.0)
(1,RAIL,19920324,59765.0)
(1,19920106,240381.0)
(RAIL,19940510,65591.0)
(RAIL,19931222,65591.0)
(2,19980330,120972.0)
(2,REG AIR,19950515,65651.0)
(MAIL,19980728,60126.0)
(REG AIR,19940107,59825.0)
(1,19950707,223745.0)
(2,19970926,183800.0)
(2,19960512,436193.0)
(2,TRUCK,19920128,65411.0)
(REG AIR,19970915,65591.0)
(2,19980402,123614.0)
(2,19980501,248309.0)
(1,FOB,19970713,63189.0)
(2,FOB,19931027,121271.0)
(2,19970728,179776.0)
(AIR,19920815,60126.0)
(2,RAIL,19940819,61327.0)
(1,TRUCK,19980521,120371.0)
(19980613,123554.0)
(2,MAIL,19930325,110041.0)
(1,SHIP,19930309,65951.0)
(FOB,19960904,59465.0)
(TRUCK,19950617,129500.0)
(1,AIR,19940506,60426.0)
(2,MAIL,19950620,56161.0)
(19921023,118450.0)
(19940806,308796.0)
(REG AIR,19970104,62107.0)
(2,AIR,19930223,127939.0)
(TRUCK,19970813,116887.0)
(FOB,19960328,123494.0)
(2,TRUCK,19950323,117369.0)
(19930104,119770.0)
(19980226,237139.0)
(2,19961223,122113.0)
(1,19961219,284532.0)
(SHIP,19940109,64690.0)
(2,MAIL,19940603,64930.0)
(2,MAIL,19920425,55321.0)
(1,SHIP,19921219,57303.0)
(MAIL,19940911,57603.0)
(2,REG AIR,19970504,57243.0)
(2,19970223,176653.0)
(AIR,19940408,116887.0)
(SHIP,19951107,111182.0)
(2,MAIL,19940810,62408.0)
(2,19950531,121873.0)
(TRUCK,19931122,59164.0)
(MAIL,19920904,129200.0)
(2,MAIL,19930514,64690.0)
(AIR,19930120,125476.0)
(FOB,19970110,64990.0)
(2,19930506,116467.0)
(FOB,19980515,57543.0)
(19951011,410789.0)
(19920222,63189.0)
(19940617,241884.0)
(FOB,19970408,130341.0)
(SHIP,19920327,121032.0)
(SHIP,19950522,130221.0)
(2,SHIP,19980206,126378.0)
(MAIL,19940326,114666.0)
(1,RAIL,19920919,54060.0)
(2,REG AIR,19961117,59405.0)
(1,RAIL,19970617,54780.0)
(RAIL,19921205,121873.0)
(2,RAIL,19960727,54180.0)
(TRUCK,19980407,114185.0)
(2,REG AIR,19960910,57423.0)
(2,RAIL,19940521,61927.0)
(1,MAIL,19920419,57783.0)
(1,REG AIR,19920124,115807.0)
(1,FOB,19950922,60186.0)
(2,19921227,55441.0)
(2,TRUCK,19930325,57963.0)
(AIR,19930823,59224.0)
(TRUCK,19950518,124935.0)
(2,REG AIR,19941010,63789.0)
(FOB,19930411,58624.0)
(AIR,19941001,63669.0)
(2,RAIL,19950520,55741.0)
(1,AIR,19980430,65951.0)
(1,SHIP,19920805,61567.0)
(19970812,65651.0)
(2,SHIP,19920914,54600.0)
(2,SHIP,19940101,56281.0)
(1,SHIP,19960405,116707.0)
(1,19971218,56642.0)
(2,AIR,19930421,175031.0)
(2,FOB,19940810,54180.0)
(1,FOB,19950319,60486.0)
(19950805,61927.0)
(2,SHIP,19931129,54600.0)
(2,REG AIR,19970324,62708.0)
(2,REG AIR,19970225,54120.0)
(1,SHIP,19960810,64510.0)
(1,TRUCK,19980314,62287.0)
(19961001,297204.0)
(RAIL,19920521,63909.0)
(1,AIR,19950226,62287.0)
(SHIP,19980330,187163.0)
(AIR,19941010,61987.0)
(AIR,19960712,55861.0)
(19980712,180196.0)
(2,FOB,19941215,61867.0)
(FOB,19940519,65350.0)
(REG AIR,19951222,175391.0)
(FOB,19951030,56882.0)
(19920501,776887.0)
(2,SHIP,19940327,55140.0)
(2,AIR,19951031,64149.0)
(1,19921015,309756.0)
(1,REG AIR,19931203,56462.0)
(1,FOB,19930717,63369.0)
(1,19951102,109381.0)
(19950427,436553.0)
(1,19930330,120311.0)
(AIR,19920707,185122.0)
(SHIP,19971114,57243.0)
(REG AIR,19961212,120912.0)
(MAIL,19950325,63969.0)
(REG AIR,19960907,178154.0)
(RAIL,19940826,64089.0)
(SHIP,19940217,62227.0)
(1,AIR,19970819,63549.0)
(19941229,236718.0)
(2,TRUCK,19930127,64690.0)
(2,19980727,62708.0)
(2,AIR,19920422,54840.0)
(MAIL,19940902,61207.0)
(19950102,241282.0)
(1,MAIL,19970216,65771.0)
(1,AIR,19980205,62107.0)
(1,SHIP,19960126,57603.0)
(1,TRUCK,19970423,249150.0)
(2,19970115,65771.0)
(1,RAIL,19971030,297984.0)
(FOB,5.1670691E7)
(TRUCK,19951201,58143.0)
(19940914,537886.0)
(19980316,827284.0)
(FOB,19941202,128599.0)
(19961218,713518.0)
(SHIP,19950504,60126.0)
(1,MAIL,19940408,62468.0)
(19920312,122653.0)
(1,SHIP,19920102,54180.0)
(MAIL,19920328,61867.0)
(19980730,428507.0)
(2,MAIL,19940513,123254.0)
(2,REG AIR,19921201,58023.0)
(RAIL,19920819,64210.0)
(MAIL,19971223,119530.0)
(19950526,65290.0)
(TRUCK,19970804,119650.0)
(MAIL,19950316,60666.0)
(FOB,19980407,293239.0)
(TRUCK,19971010,174310.0)
(1,AIR,19940920,61207.0)
(19941030,240682.0)
(1,FOB,19931031,55801.0)
(19931031,426764.0)
(REG AIR,19950223,54780.0)
(1,19930817,296183.0)
(2,TRUCK,19971230,63729.0)
(TRUCK,19970912,117008.0)
(2,RAIL,19930829,116708.0)
(REG AIR,19960303,125536.0)
(2,TRUCK,19930406,66012.0)
(2,MAIL,19940630,60426.0)
(2,AIR,19950726,56822.0)
(1,AIR,19940902,64149.0)
(2,MAIL,19940612,64390.0)
(RAIL,19961120,177733.0)
(19970515,237439.0)
(1,AIR,19961107,60906.0)
(RAIL,19920927,57603.0)
(2,RAIL,19941106,55921.0)
(REG AIR,19920325,168785.0)
(2,AIR,19950618,65471.0)
(2,19950522,307054.0)
(1,RAIL,19960906,54900.0)
(FOB,19931014,116888.0)
(2,TRUCK,19940414,55801.0)
(1,SHIP,19971223,62528.0)
(1,AIR,19930525,65891.0)
(1,RAIL,19951113,64630.0)
(2,19930317,367180.0)
(2,FOB,19950927,54360.0)
(1,MAIL,19980314,60426.0)
(2,RAIL,19961212,65290.0)
(AIR,19940930,63849.0)
(AIR,19971107,60906.0)
(MAIL,19960829,65471.0)
(2,MAIL,19940414,60546.0)
(1,REG AIR,19930303,61207.0)
(MAIL,19921219,57483.0)
(2,19970106,126496.0)
(REG AIR,19951114,61747.0)
(1,19931221,243684.0)
(1,AIR,19920328,64029.0)
(2,SHIP,19920608,120251.0)
(1,AIR,19980728,61086.0)
(1,FOB,19961218,249030.0)
(2,AIR,19920215,123974.0)
(2,19950630,65411.0)
(AIR,19950821,64270.0)
(REG AIR,19960501,55621.0)
(2,19950216,255096.0)
(2,MAIL,19940621,63369.0)
(1,AIR,19920409,59585.0)
(REG AIR,19961113,63969.0)
(2,RAIL,19970429,54360.0)
(2,19950919,121872.0)
(1,TRUCK,19920815,64089.0)
(1,19950509,117127.0)
(RAIL,19940420,56281.0)
(2,REG AIR,19970423,55981.0)
(TRUCK,19920511,64690.0)
(REG AIR,19950502,62347.0)
(2,19960927,63609.0)
(19930915,291198.0)
(2,19960314,245666.0)
(19930717,305612.0)
(2,RAIL,19970924,62708.0)
(AIR,19971224,65050.0)
(RAIL,19950816,57483.0)
(19970803,239602.0)
(RAIL,19930106,54120.0)
(RAIL,19941122,120851.0)
(RAIL,19970607,58864.0)
(2,TRUCK,19980131,63909.0)
(2,SHIP,19970324,62468.0)
(TRUCK,19940906,56702.0)
(MAIL,19930309,113405.0)
(2,RAIL,19950430,129800.0)
(2,REG AIR,19930102,55381.0)
(RAIL,19970120,61627.0)
(2,FOB,19950909,58444.0)
(1,MAIL,19940822,61867.0)
(MAIL,19961116,122833.0)
(2,TRUCK,19961105,55621.0)
(1,19930925,290777.0)
(1,TRUCK,19931129,129740.0)
(1,FOB,19960822,57183.0)
(1,MAIL,19921030,65711.0)
(2,19931226,117427.0)
(SHIP,19960323,60126.0)
(FOB,19931221,64990.0)
(MAIL,19960207,59525.0)
(2,TRUCK,19930820,56522.0)
(1,RAIL,19940421,59284.0)
(19930203,299246.0)
(1,RAIL,19931124,58564.0)
(1,AIR,19950208,59405.0)
(RAIL,19950302,61086.0)
(REG AIR,19960817,61567.0)
(2,19980312,63969.0)
(MAIL,19930507,131842.0)
(2,TRUCK,19950125,64750.0)
(SHIP,19940604,55321.0)
(1,19931203,186563.0)
(1,19950112,185480.0)
(2,SHIP,19920509,59465.0)
(1,AIR,19961116,130460.0)
(2,MAIL,19920506,59104.0)
(1,SHIP,19920823,118269.0)
(2,RAIL,19960907,118870.0)
(2,19930830,172208.0)
(2,19931208,245487.0)
(1,19960616,57603.0)
(1,REG AIR,19930808,61387.0)
(2,19950108,235697.0)
(19960804,406704.0)
(SHIP,19920516,63969.0)
(2,TRUCK,19940612,57183.0)
(FOB,19961219,117008.0)
(2,19920714,288555.0)
(1,19960328,61086.0)
(2,19940604,288196.0)
(SHIP,19961223,65591.0)
(1,19921006,64870.0)
(1,TRUCK,19971026,59284.0)
(19930924,184220.0)
(1,RAIL,19950808,57423.0)
(1,MAIL,19940921,65290.0)
(2,REG AIR,19920905,58504.0)
(REG AIR,19941106,63609.0)
(2,19921119,362014.0)
(1,MAIL,19980206,128058.0)
(1,TRUCK,19921201,65711.0)
(TRUCK,19920106,59044.0)
(19951110,365678.0)
(2,TRUCK,19950224,56942.0)
(2,19920327,178394.0)
(RAIL,19951031,59645.0)
(2,19921010,233715.0)
(2,TRUCK,19960917,59585.0)
(1,TRUCK,19941001,64930.0)
(RAIL,19920710,115387.0)
(1,RAIL,19970905,61447.0)
(1,AIR,19940623,56582.0)
(FOB,19970516,63549.0)
(2,REG AIR,19940930,60066.0)
(19930726,375528.0)
(2,19951017,182298.0)
(2,SHIP,19920220,126497.0)
(1,MAIL,19941010,55381.0)
(REG AIR,19941025,61026.0)
(1,19921024,180437.0)
(RAIL,19920828,62888.0)
(2,19940118,235698.0)
(1,MAIL,19961009,62408.0)
(1,AIR,19960126,55441.0)
(2,19960206,188665.0)
(RAIL,19930421,120251.0)
(1,REG AIR,19930312,56041.0)
(1,TRUCK,19940408,58023.0)
(SHIP,19970313,119350.0)
(RAIL,19961012,58023.0)
(TRUCK,19921024,117548.0)
(2,AIR,19921007,59825.0)
(2,19960422,118989.0)
(FOB,19960418,64510.0)
(19950508,54900.0)
(2,TRUCK,19920218,55921.0)
(FOB,19940618,111301.0)
(AIR,19961027,57063.0)
(2,19960224,59164.0)
(TRUCK,19920601,181818.0)
(1,TRUCK,19970531,62408.0)
(1,19970228,63789.0)
(TRUCK,19920917,182358.0)
(1,FOB,19920420,54840.0)
(RAIL,19960914,54300.0)
(REG AIR,19980112,57723.0)
(SHIP,19960107,55801.0)
(1,SHIP,19920913,57483.0)
(REG AIR,19951015,55381.0)
(SHIP,19930506,117848.0)
(1,REG AIR,19921204,63729.0)
(FOB,19950716,120370.0)
(RAIL,19941212,61267.0)
(2,SHIP,19970621,116407.0)
(1,TRUCK,19940525,58023.0)
(1,FOB,19930203,114846.0)
(2,FOB,19970105,60006.0)
(1,FOB,19931202,63009.0)
(2,SHIP,19921030,58864.0)
(2,AIR,19941212,125897.0)
(2,REG AIR,19961126,124635.0)
(1,19961002,245606.0)
(2,19950504,113644.0)
(1,AIR,19951108,60726.0)
(1,REG AIR,19920304,65471.0)
(2,AIR,19961120,122594.0)
(2,19950720,297144.0)
(19961010,717960.0)
(RAIL,19930115,115626.0)
(REG AIR,19951006,60306.0)
(1,MAIL,19930904,59405.0)
(REG AIR,19970221,61867.0)
(2,RAIL,19931125,60846.0)
(2,19971213,57303.0)
(AIR,19970513,65471.0)
(FOB,19920601,58083.0)
(2,FOB,19920317,129620.0)
(FOB,19921006,65170.0)
(2,FOB,19960629,62648.0)
(1,REG AIR,19970110,58564.0)
(2,AIR,19940718,61507.0)
(MAIL,19920409,193109.0)
(2,19960918,62347.0)
(AIR,19920824,59765.0)
(2,19980123,376909.0)
(TRUCK,19950707,55080.0)
(RAIL,19980318,60606.0)
(19970713,250832.0)
(2,RAIL,19970807,122353.0)
(1,AIR,19941217,54660.0)
(1,19970417,117368.0)
(1,FOB,19940806,61327.0)
(MAIL,19980322,57123.0)
(1,MAIL,19940705,55321.0)
(19970317,119950.0)
(2,FOB,19970826,61387.0)
(1,RAIL,19930611,61747.0)
(FOB,19950509,120191.0)
(MAIL,19920102,111182.0)
(1,MAIL,19970928,65471.0)
(19960228,114486.0)
(SHIP,19950720,183800.0)
(2,19960404,114365.0)
(TRUCK,19970110,56041.0)
(1,FOB,19941030,58324.0)
(2,MAIL,19960331,65411.0)
(19970830,411930.0)
(19970731,467612.0)
(19960507,187162.0)
(2,FOB,19920821,64450.0)
(1,FOB,19950715,65170.0)
(1,REG AIR,19921015,62107.0)
(2,MAIL,19960629,118448.0)
(2,SHIP,19980521,62107.0)
(1,19970813,245607.0)
(2,AIR,19950825,127338.0)
(FOB,19960111,58204.0)
(1,19921231,187944.0)
(FOB,19940906,61447.0)
(FOB,19921114,117608.0)
(1,19940906,61447.0)
(2,SHIP,19980314,55981.0)
(SHIP,19961205,65771.0)
(1,MAIL,19920310,63069.0)
(2,SHIP,19960622,60426.0)
(1,19930204,57663.0)
(1,19941211,362735.0)
(2,MAIL,19960214,62347.0)
(REG AIR,19960727,66012.0)
(2,19921029,54780.0)
(1,19931014,351804.0)
(19950904,430488.0)
(FOB,19970525,63009.0)
(1,MAIL,19971017,60786.0)
(FOB,19971209,60126.0)
(2,TRUCK,19960106,61627.0)
(1,AIR,19960522,118929.0)
(SHIP,19960305,119350.0)
(1,FOB,19930726,58984.0)
(1,19950617,317084.0)
(2,AIR,19941122,59104.0)
(19931022,308797.0)
(TRUCK,19970714,62588.0)
(RAIL,19930331,58384.0)
(2,19961106,117548.0)
(1,MAIL,19930814,58624.0)
(1,AIR,19920102,66012.0)
(2,19930821,63609.0)
(19920114,121812.0)
(TRUCK,19920827,175931.0)
(2,19940505,541071.0)
(2,19971231,56041.0)
(19920213,119951.0)
(1,REG AIR,19931221,57963.0)
(2,TRUCK,19920713,57363.0)
(SHIP,19950612,168245.0)
(1,19980227,251672.0)
(2,SHIP,19970315,54120.0)
(SHIP,19970926,117489.0)
(2,TRUCK,19931126,61207.0)
(FOB,19970309,119230.0)
(2,FOB,19950503,120971.0)
(TRUCK,19931014,120311.0)
(2,19971015,65591.0)
(TRUCK,19960517,56882.0)
(19940130,287054.0)
(2,RAIL,19960510,56882.0)
(2,19931109,60666.0)
(1,TRUCK,19960622,62528.0)
(19940202,656936.0)
(2,TRUCK,19921028,56221.0)
(MAIL,19930129,120431.0)
(1,TRUCK,19961027,63069.0)
(2,SHIP,19930715,54240.0)
(2,TRUCK,19970411,64630.0)
(2,REG AIR,19980729,54540.0)
(1,19960418,356790.0)
(FOB,19980425,61146.0)
(2,19980411,115326.0)
(1,REG AIR,19950707,55321.0)
(REG AIR,19941223,63189.0)
(REG AIR,19940819,58143.0)
(1,TRUCK,19940705,65290.0)
(MAIL,19960126,62287.0)
(AIR,19921229,176412.0)
(RAIL,19921007,124035.0)
(1,FOB,19940419,61987.0)
(2,19940820,181877.0)
(1,TRUCK,19920707,63909.0)
(1,19971010,183079.0)
(RAIL,19951013,121572.0)
(1,AIR,19931227,63009.0)
(2,MAIL,19960430,61387.0)
(1,TRUCK,19921021,57363.0)
(SHIP,19921029,54780.0)
(1,SHIP,19961125,62708.0)
(REG AIR,19970807,121213.0)
(2,AIR,19970120,119109.0)
(2,19971114,251373.0)
(MAIL,19920913,56522.0)
(19931004,190045.0)
(2,SHIP,19940705,124635.0)
(AIR,19920220,65471.0)
(2,19971204,120431.0)
(2,19951107,184280.0)
(FOB,19960517,181158.0)
(1,REG AIR,19940627,61807.0)
(1,AIR,19950604,62107.0)
(19931202,240744.0)
(MAIL,19920508,60546.0)
(19960318,311617.0)
(TRUCK,19980506,57783.0)
(RAIL,19970111,180436.0)
(1,19970525,182298.0)
(2,TRUCK,19930929,113224.0)
(1,19941202,185001.0)
(REG AIR,19940602,56101.0)
(2,FOB,19920425,252873.0)
(TRUCK,19980227,127818.0)
(AIR,19940507,65651.0)
(2,19980619,175991.0)
(1,FOB,19971109,61747.0)
(2,MAIL,19950125,64930.0)
(1,REG AIR,19941211,65531.0)
(19940329,310176.0)
(SHIP,19980123,65411.0)
(FOB,19970101,65230.0)
(2,SHIP,19960802,64210.0)
(FOB,19970804,120972.0)
(2,SHIP,19960901,114365.0)
(SHIP,19960314,126257.0)
(MAIL,19961107,112804.0)
(SHIP,19960512,62708.0)
(19980505,249211.0)
(1,19920511,185181.0)
(1,FOB,19970524,120431.0)
(2,RAIL,19961113,58204.0)
(2,19940523,56882.0)
(REG AIR,19940909,59284.0)
(MAIL,19960315,62287.0)
(2,19930920,360633.0)
(1,REG AIR,19940609,59645.0)
(2,19960125,124335.0)
(1,AIR,19920319,65591.0)
(2,19940109,297085.0)
(RAIL,19940925,58444.0)
(1,TRUCK,19920608,62107.0)
(1,AIR,19960630,55981.0)
(1,TRUCK,19970225,61687.0)
(2,AIR,19940312,56582.0)
(1,RAIL,19931205,117127.0)
(1,AIR,19941109,62287.0)
(1,19980704,58624.0)
(1,AIR,19970323,190047.0)
(1,RAIL,19970419,65711.0)
(19921104,57723.0)
(2,19930227,238100.0)
(19960912,238820.0)
(1,19970101,120252.0)
(19930311,124695.0)
(SHIP,19960620,55801.0)
(2,AIR,19930115,122713.0)
(2,AIR,19931114,59284.0)
(19961029,402502.0)
(MAIL,19950226,174191.0)
(MAIL,19950604,61867.0)
(1,FOB,19960110,61447.0)
(1,REG AIR,19920322,126978.0)
(2,MAIL,19960106,128419.0)
(1,SHIP,19931218,58984.0)
(19930212,119470.0)
(19980406,469772.0)
(RAIL,19950726,66012.0)
(AIR,19921012,57303.0)
(2,FOB,19980410,60846.0)
(2,REG AIR,19920310,62107.0)
(1,REG AIR,19970516,60246.0)
(2,19980709,127998.0)
(2,19940929,239300.0)
(1,19961101,62347.0)
(2,REG AIR,19940507,55321.0)
(1,19930420,118929.0)
(TRUCK,19980515,240742.0)
(SHIP,19940514,56522.0)
(1,TRUCK,19930111,54120.0)
(2,19950414,179536.0)
(AIR,19940417,65831.0)
(RAIL,19980408,60126.0)
(2,RAIL,19951015,64570.0)
(SHIP,19920426,114184.0)
(2,FOB,19940117,63369.0)
(2,REG AIR,19980305,57483.0)
(2,SHIP,19960820,312819.0)
(2,19961025,122773.0)
(2,19920426,183019.0)
(MAIL,19940920,124214.0)
(1,19921204,182058.0)
(FOB,19960229,118629.0)
(AIR,19970324,62888.0)
(RAIL,19920107,54840.0)
(TRUCK,19920124,57363.0)
(2,TRUCK,19980113,62408.0)
(1,FOB,19930708,63549.0)
(AIR,19920310,55561.0)
(1,AIR,19960207,65170.0)
(1,SHIP,19930426,128299.0)
(1,RAIL,19961112,192148.0)
(2,MAIL,19951115,186922.0)
(SHIP,19980619,118089.0)
(TRUCK,19931203,60606.0)
(1,FOB,19970407,122173.0)
(2,19941117,174130.0)
(2,RAIL,19971031,55441.0)
(1,RAIL,19930404,58204.0)
(RAIL,19960806,64450.0)
(1,TRUCK,19960226,117248.0)
(1,FOB,19951110,56402.0)
(1,REG AIR,19951003,62588.0)
(REG AIR,19960628,126918.0)
(1,SHIP,19960829,113885.0)
(RAIL,19960815,62828.0)
(2,19970313,183560.0)
(SHIP,19921128,61807.0)
(19970407,310597.0)
(AIR,19940813,62888.0)
(1,19920917,230232.0)
(2,19920408,229992.0)
(1,AIR,19931010,55020.0)
(2,MAIL,2.5211005E7)
(SHIP,19961007,61447.0)
(TRUCK,19941211,62828.0)
(AIR,19920608,123193.0)
(19980802,303030.0)
(1,SHIP,19940623,62528.0)
(2,AIR,19970526,61807.0)
(2,REG AIR,19970216,57183.0)
(2,RAIL,19971130,61146.0)
(19930302,303750.0)
(FOB,19931230,58504.0)
(2,19920101,231131.0)
(2,19941126,184640.0)
(TRUCK,19930303,116587.0)
(1,AIR,19930228,54420.0)
(2,19961214,248430.0)
(19960822,345617.0)
(2,19940424,238940.0)
(19930528,65531.0)
(FOB,19951201,64570.0)
(REG AIR,19931206,175931.0)
(1,TRUCK,19950227,55861.0)
(2,REG AIR,19980314,62708.0)
(2,REG AIR,19950803,57663.0)
(19980307,56341.0)
(1,FOB,19920510,59044.0)
(RAIL,19960121,64270.0)
(19921203,375830.0)
(SHIP,19980501,62468.0)
(TRUCK,19950509,121752.0)
(2,AIR,19930313,54660.0)
(1,FOB,19940202,57183.0)
(REG AIR,19980707,61567.0)
(1,TRUCK,19970306,122473.0)
(REG AIR,19960123,63489.0)
(1,19950310,109860.0)
(2,AIR,19960301,65110.0)
(SHIP,19951017,122413.0)
(2,FOB,19920713,58264.0)
(2,19920110,55261.0)
(TRUCK,19920818,55681.0)
(19980703,424182.0)
(1,19970705,359972.0)
(1,TRUCK,19930724,124875.0)
(1,SHIP,19970828,59224.0)
(2,19941216,58324.0)
(TRUCK,19961219,57603.0)
(REG AIR,19970519,64390.0)
(2,AIR,19960617,63729.0)
(1,19950923,429166.0)
(MAIL,19921002,54540.0)
(19930618,698263.0)
(TRUCK,19930916,63249.0)
(1,AIR,19980322,54780.0)
(RAIL,19930809,112504.0)
(2,AIR,19950924,54720.0)
(TRUCK,19970426,57423.0)
(1,REG AIR,19920511,63969.0)
(1,AIR,19950901,56462.0)
(REG AIR,19931017,63849.0)
(1,19930312,179895.0)
(19940103,309516.0)
(SHIP,19940424,60486.0)
(19980208,537887.0)
(TRUCK,19970705,124154.0)
(RAIL,19950320,122714.0)
(1,SHIP,19941109,63549.0)
(1,19930123,65230.0)
(2,19940514,56221.0)
(FOB,19970426,179356.0)
(2,FOB,19920416,124094.0)
(2,FOB,19941206,57063.0)
(1,AIR,19930417,120372.0)
(AIR,19940101,57063.0)
(RAIL,19930313,185781.0)
(1,TRUCK,19950407,59164.0)
(1,TRUCK,19940101,120971.0)
(2,MAIL,19950503,54540.0)
(REG AIR,19920712,55381.0)
(SHIP,19971231,122594.0)
(AIR,19980305,237258.0)
(REG AIR,19930504,54300.0)
(2,19960413,57423.0)
(2,FOB,19960214,63549.0)
(1,19970714,117669.0)
(1,RAIL,19920603,121872.0)
(REG AIR,19920109,121211.0)
(1,AIR,19940407,127339.0)
(MAIL,19971106,172148.0)
(2,FOB,19940306,60066.0)
(1,RAIL,19970130,54180.0)
(2,19961016,237560.0)
(2,TRUCK,19961222,55681.0)
(1,AIR,19960504,59344.0)
(2,19960107,116767.0)
(2,FOB,19960331,55080.0)
(2,REG AIR,19970531,60066.0)
(1,19970804,362195.0)
(19950724,231073.0)
(19970227,113764.0)
(2,SHIP,19961126,63729.0)
(2,19971006,121692.0)
(RAIL,19970427,179055.0)
(MAIL,19970729,61927.0)
(TRUCK,19940618,57423.0)
(1,MAIL,19980107,120551.0)
(MAIL,19980511,54240.0)
(1,SHIP,19940227,65591.0)
(2,TRUCK,19980410,55681.0)
(MAIL,19950802,129380.0)
(AIR,19970720,63849.0)
(2,TRUCK,19960430,63609.0)
(TRUCK,19980704,60966.0)
(1,FOB,19980316,60606.0)
(SHIP,19970214,61387.0)
(1,19920304,243386.0)
(1,AIR,19941019,120911.0)
(1,19960210,123134.0)
(1,TRUCK,19921030,60186.0)
(AIR,19960901,61447.0)
(AIR,19930904,58864.0)
(FOB,19950707,114906.0)
(19930708,413911.0)
(RAIL,19930728,55080.0)
(1,MAIL,19970423,65591.0)
(1,19980416,252454.0)
(2,RAIL,19920730,57303.0)
(2,19931019,119650.0)
(2,MAIL,19931027,59705.0)
(TRUCK,19980416,180317.0)
(2,FOB,19940603,60966.0)
(REG AIR,19930126,231493.0)
(SHIP,19940730,61747.0)
(1,TRUCK,19930904,176773.0)
(2,19961205,65771.0)
(1,19971209,185541.0)
(2,TRUCK,19920920,65951.0)
(1,TRUCK,19961117,60426.0)
(1,TRUCK,19931228,119230.0)
(1,RAIL,19940331,62588.0)
(1,19951120,61687.0)
(2,MAIL,19970321,58143.0)
(2,AIR,19940510,65471.0)
(FOB,19950923,128119.0)
(MAIL,19960810,55921.0)
(AIR,19951028,56402.0)
(2,19950612,243386.0)
(1,MAIL,19940101,58744.0)
(2,SHIP,19920905,55621.0)
(2,REG AIR,19970126,57243.0)
(19961128,117308.0)
(2,REG AIR,19950407,113704.0)
(19950922,436794.0)
(1,MAIL,19960820,112864.0)
(FOB,19930925,59284.0)
(RAIL,19960824,56822.0)
(1,AIR,19930129,54300.0)
(1,AIR,19970404,111903.0)
(MAIL,19980629,63969.0)
(1,19940131,122593.0)
(AIR,19970531,126257.0)
(RAIL,19960103,54720.0)
(2,FOB,19950620,57423.0)
(2,REG AIR,19940921,61687.0)
(1,19920322,601196.0)
(1,RAIL,19930530,55801.0)
(AIR,19930427,118689.0)
(REG AIR,19971112,58083.0)
(AIR,19940921,58023.0)
(1,FOB,19930212,59104.0)
(2,FOB,19950314,55981.0)
(1,AIR,19970215,60786.0)
(2,FOB,19951223,64930.0)
(MAIL,19940506,54900.0)
(AIR,19971116,57843.0)
(1,19930411,233956.0)
(2,RAIL,19920712,56522.0)
(RAIL,19950618,56402.0)
(RAIL,19980723,55441.0)
(1,19930628,121932.0)
(2,REG AIR,19920815,63789.0)
(REG AIR,19971031,61987.0)
(2,19950405,57783.0)
(2,19950513,121092.0)
(19931130,547615.0)
(FOB,19940609,113524.0)
(2,REG AIR,19970306,64210.0)
(2,19951125,56522.0)
(1,19940717,180737.0)
(AIR,19960217,56642.0)
(RAIL,19941203,241883.0)
(FOB,19931122,54240.0)
(MAIL,19951216,57543.0)
(2,MAIL,19931225,59405.0)
(1,REG AIR,19980227,65110.0)
(2,AIR,19970706,189084.0)
(2,REG AIR,19941001,64750.0)
(TRUCK,19930925,55621.0)
(2,19941027,111903.0)
(REG AIR,19960925,114846.0)
(1,FOB,19971226,128299.0)
(FOB,19930420,59705.0)
(2,REG AIR,19960820,61507.0)
(TRUCK,19961002,63909.0)
(2,SHIP,19971116,55981.0)
(1,19920827,230412.0)
(2,19940721,115987.0)
(19921014,60066.0)
(2,REG AIR,19971107,64089.0)
(TRUCK,19970309,116227.0)
(REG AIR,19980617,121452.0)
(SHIP,19940929,116287.0)
(TRUCK,19930808,60126.0)
(SHIP,19940118,54480.0)
(2,FOB,19920506,55321.0)
(1,MAIL,19920923,65531.0)
(MAIL,19970404,58924.0)
(19970524,174491.0)
(1,RAIL,19921026,55681.0)
(19960309,363033.0)
(2,TRUCK,19920515,63549.0)
(2,19950207,112023.0)
(2,19950810,56281.0)
(1,TRUCK,19970108,59825.0)
(FOB,19921024,64510.0)
(19930113,239660.0)
(REG AIR,19950412,57003.0)
(19970326,174069.0)
(1,19980425,64270.0)
(1,RAIL,19941123,55020.0)
(2,MAIL,19950224,61567.0)
(RAIL,19960707,301108.0)
(1,19980506,111362.0)
(RAIL,19931114,114486.0)
(REG AIR,19951204,57963.0)
(TRUCK,19960418,117789.0)
(2,MAIL,19960917,112564.0)
(1,19930907,61387.0)
(2,AIR,19940925,61447.0)
(1,RAIL,19940827,55741.0)
(FOB,19930303,65471.0)
(SHIP,19971204,113284.0)
(AIR,19980206,124515.0)
(1,MAIL,19970306,65471.0)
(1,AIR,19950316,59344.0)
(AIR,19970207,54120.0)
(2,19930731,64510.0)
(2,REG AIR,19960622,55020.0)
(2,19920615,59344.0)
(2,MAIL,19961006,57363.0)
(REG AIR,19980419,179295.0)
(2,SHIP,19950227,60666.0)
(MAIL,19941208,58504.0)
(1,REG AIR,19970101,60066.0)
(1,AIR,19921228,57543.0)
(2,SHIP,19970423,117007.0)
(19930609,119890.0)
(1,FOB,19950427,64149.0)
(MAIL,19930228,56341.0)
(1,19951003,180977.0)
(TRUCK,19971209,62167.0)
(2,AIR,19980507,62708.0)
(19960813,667686.0)
(2,REG AIR,19930724,60966.0)
(REG AIR,19940521,188904.0)
(1,REG AIR,19960418,119591.0)
(1,19960319,119951.0)
(1,TRUCK,19940822,63969.0)
(1,19980407,247649.0)
(RAIL,19920729,123854.0)
(AIR,19970423,61086.0)
(AIR,19970928,59284.0)
(SHIP,19980114,58204.0)
(19930131,370361.0)
(RAIL,19980525,54600.0)
(SHIP,19930128,57243.0)
(19940527,58984.0)
(REG AIR,19961023,65651.0)
(2,TRUCK,19940405,62588.0)
(TRUCK,19930123,65711.0)
(1,19940627,125056.0)
(1,REG AIR,19951030,61747.0)
(SHIP,19950207,56462.0)
(2,19971123,63909.0)
(2,19980303,121032.0)
(2,SHIP,19921021,60666.0)
(1,19980128,59585.0)
(2,SHIP,19940930,56762.0)
(AIR,19980314,55861.0)
(19920330,60786.0)
(FOB,19960210,113344.0)
(TRUCK,19951102,54060.0)
(FOB,19941211,115145.0)
(1,SHIP,19961224,60606.0)
(AIR,19980107,61267.0)
(SHIP,19940505,58924.0)
(2,MAIL,19920920,64930.0)
(FOB,19920430,60426.0)
(TRUCK,19920322,246449.0)
(2,TRUCK,19980627,61627.0)
(SHIP,19961214,123434.0)
(1,AIR,19920913,59405.0)
(1,RAIL,19940412,54600.0)
(2,FOB,19950729,61026.0)
(SHIP,19920714,59044.0)
(1,REG AIR,19931014,57843.0)
(1,AIR,19931119,56041.0)
(19950319,595848.0)
(RAIL,19930511,117789.0)
(1,SHIP,19940506,59585.0)
(2,AIR,19961111,56942.0)
(1,19970426,349642.0)
(AIR,19970216,58143.0)
(FOB,19951003,63429.0)
(RAIL,19930629,60846.0)
(1,RAIL,19931115,63789.0)
(1,19930529,64750.0)
(1,REG AIR,19920917,55861.0)
(TRUCK,19960319,55741.0)
(1,TRUCK,19970621,115266.0)
(2,TRUCK,19951115,59765.0)
(FOB,19980506,65230.0)
(RAIL,19980228,128118.0)
(FOB,19951102,61807.0)
(1,19951201,129680.0)
(19950607,192087.0)
(1,FOB,19960525,58864.0)
(1,19920601,184521.0)
(1,SHIP,19920409,60426.0)
(19960525,58864.0)
(19920907,295403.0)
(MAIL,19961125,55020.0)
(FOB,19950617,123014.0)
(AIR,19920914,186443.0)
(2,RAIL,19920109,119350.0)
(MAIL,19931119,60486.0)
(1,REG AIR,19970813,63189.0)
(2,RAIL,19970528,56642.0)
(FOB,19980416,126557.0)
(1,19940618,399076.0)
